0	23	0.000100516
0	135	0.00207338
0	221	0.000267296
0	385	0.000158825
0	395	0.000206262
0	422	0.000759257
0	492	0.000202749
0	497	0.00238223
0	656	0.00146482
0	722	0.000153368
0	726	0.000759257
0	1324	0.000524748
0	1407	0.0246796
0	1488	0.0745025
2	113	0.438117
2	503	0.0180416
2	1083	0.000247707
2	1418	0.0143599
3	400	0.00141374
3	505	0.00101201
3	526	0.000370059
3	948	0.000370059
3	1171	0.0186525
4	95	0.00113319
4	152	0.00873567
4	212	0.000354576
4	442	0.000836029
4	894	0.000308592
4	903	0.00011734
4	1027	2.37271e-05
4	1057	0.00165739
4	1135	0.00913515
4	1295	0.00282078
4	1302	0.00174029
4	1329	0.0441795
4	1388	0.0271249
5	780	8.8314e-05
5	1108	0.0381656
5	1136	0.00667712
6	1108	3.90819e-05
7	55	1.00104e-05
7	1361	0.00252136
7	1394	0.000121083
8	203	0.0459458
8	297	0.000110472
8	528	0.00121997
8	765	0.000569451
8	1217	0.0187034
9	886	0.00180961
9	1491	0.0126601
10	1139	0.00194402
11	343	0.00102102
11	357	0.000569467
11	468	0.000971378
11	813	0.00344647
11	1026	8.80854e-05
11	1248	0.00374617
11	1269	0.0119877
11	1296	0.012844
12	244	0.145989
12	463	0.0015473
13	495	0.000911853
13	683	0.248643
13	1376	0.0139651
14	56	0.000689618
14	181	0.000615038
14	240	5.85896e-05
14	566	0.00150013
14	1335	0.00756322
14	1417	0.0139051
15	408	0.43846
15	522	0.000830648
15	1392	0.000569623
15	1508	0.0371472
16	368	0.00043052
16	606	0.00063016
16	660	0.000294631
16	1471	8.41802e-05
17	419	0.000147753
17	496	0.229453
17	645	0.000552066
17	702	0.000147753
17	767	0.237547
17	777	0.000580772
17	1059	0.000111801
18	165	0.00076025
18	691	0.00225815
18	710	0.00128018
18	1132	0.00339808
18	1189	0.0018123
18	1221	0.00906153
19	619	0.000340778
19	1006	0.421233
19	1210	0.0137335
19	1284	0.003391
21	158	0.498552
22	384	0.000464203
22	1503	0.00158534
23	0	0.000100516
23	1488	0.00020802
24	1070	0.692698
24	1374	0.000314072
25	39	0.00202754
25	608	0.000583269
25	1422	0.0058799
27	483	0.00152839
27	838	0.000955586
28	284	4.39068e-05
28	523	0.00100081
28	1113	0.394809
28	1228	0.00213405
28	1318	0.00610655
28	1335	0.00447967
29	476	0.000141468
29	552	0.000637534
29	1217	0.000213152
29	1462	0.000156431
30	47	0.364957
30	153	0.00147212
30	165	9.67447e-05
30	451	8.1341e-05
30	1209	0.000922489
31	1139	0.00377316
33	65	0.0018356
33	93	0.00222791
33	536	0.00214871
33	880	0.00112323
33	1265	0.00724314
33	1453	0.000905631
34	160	0.000464959
35	592	0.000525867
35	1350	9.12717e-05
35	1399	2.14199e-05
35	1408	0.0257163
36	719	0.000886099
37	143	0.612397
38	1502	2.04167e-05
39	25	0.00202754
39	608	0.000449291
39	889	0.000118163
39	998	0.184935
39	1273	0.00136372
39	1422	0.00156642
40	1118	0.00709253
40	1337	1.21403e-05
40	1452	0.000208262
40	1488	0.000122965
41	43	9.57897e-05
41	123	0.000446462
41	1503	0.000102875
42	1416	0.0347078
43	41	9.57897e-05
43	75	0.0948319
43	123	0.000338037
43	203	0.047252
43	1317	0.000536657
43	1503	0.102171
44	52	0.00294176
44	1466	0.00118046
45	372	0.0011154
45	543	0.199067
45	1302	0.0043259
45	1329	0.00232895
46	522	0.000178772
46	1020	0.0757904
46	1064	0.462094
46	1468	4.85792e-05
46	1508	0.00388192
47	30	0.364957
47	494	0.000279342
47	920	0.206211
47	1209	0.00602927
48	696	0.000676757
48	1311	0.337547
48	1376	0.0208629
48	1415	0.0188512
49	264	0.00288651
49	875	9.78693e-05
49	1451	0.0119816
50	1241	0.0471722
50	1317	0.00524133
50	1431	0.0101113
51	853	0.000638055
51	868	0.713968
51	1337	0.0522799
51	1348	6.92485e-05
52	44	0.00294176
52	1162	0.00577392
52	1253	0.00151565
52	1466	1
53	428	0.000194597
53	1042	0.00139899
53	1510	1.1579e-05
54	569	0.822946
54	1405	0.00185917
55	7	1.00104e-05
55	797	0.000214695
55	1271	0.00304358
55	1361	0.00782633
56	14	0.000689618
56	240	3.65183e-05
56	566	0.000278188
56	614	0.000209785
56	1335	0.00924312
57	1030	0.000516615
57	1305	0.00238082
57	1448	0.000145184
58	272	0.00272786
58	570	0.000226201
58	864	0.00087398
58	1158	0.00641336
58	1238	0.00641336
60	1478	0.00116092
61	74	5.26163e-05
62	170	0.000557313
62	695	8.45359e-05
62	744	0.000121968
62	773	0.00127267
62	917	0.000779173
62	1452	0.00334249
63	601	0.000971276
63	927	0.000442904
63	1277	0.00638941
63	1365	0.00816675
64	1443	0.00518891
65	33	0.0018356
65	93	0.000287349
65	391	0.000579462
65	536	0.000224477
65	712	0.000239643
65	880	0.000638874
65	910	0.00117464
65	972	0.000228085
65	1063	8.41448e-05
65	1156	0.00126116
65	1265	0.00210194
65	1431	0.000938638
65	1453	0.00026281
65	1462	0.00945325
66	1114	0.319072
66	1298	0.00445504
66	1493	0.294359
67	243	7.4582e-05
67	1441	0.00344907
68	1139	0.00477308
69	295	0.0012101
69	580	0.000200974
69	1041	7.39299e-05
70	92	0.00103836
70	718	0.0738566
71	74	0.00177679
71	1023	0.234146
73	1509	0.000387231
74	61	5.26163e-05
74	71	0.00177679
74	266	0.000237537
74	1023	0.00253984
74	1049	0.0135072
74	1154	0.00679413
75	43	0.0948319
75	123	6.92559e-05
75	203	0.102363
75	1503	0.0720638
76	1346	0.0189802
77	86	0.000250847
77	242	0.620486
77	884	0.11132
77	956	0.000480149
77	1448	0.00181782
78	201	1.58389e-05
78	673	0.000824174
78	1303	2.90576e-05
78	1378	0.000117024
79	1251	0.000545956
80	90	0.000965689
80	287	0.000690315
80	401	0.0559775
81	119	0.803739
82	148	0.00074592
82	1378	0.00262481
83	396	0.00127157
83	559	0.000863167
83	778	0.00440026
83	873	0.000827328
83	912	0.000208563
83	915	0.000489772
83	1046	0.00014814
83	1262	0.00415075
84	148	0.00326238
84	1208	0.000998365
85	103	0.131679
85	503	0.262195
85	888	0.000156911
85	1460	0.00881684
85	1472	0.0505565
85	1499	0.00613707
86	77	0.000250847
86	884	0.00103485
86	1448	0.00582641
87	317	0.0016974
88	96	0.18316
88	1434	0.0119938
89	277	0.000491855
89	1346	0.00624935
90	80	0.000965689
90	922	0.000136466
91	1304	0.00157477
92	70	0.00103836
92	718	0.00130763
93	33	0.00222791
93	65	0.000287349
93	536	0.00435249
93	1462	0.00226444
94	893	0.00209667
94	1084	0.000723543
95	4	0.00113319
95	152	0.00155614
95	1329	0.000611541
96	88	0.18316
96	1232	0.0232273
96	1434	0.00836685
97	1225	0.044287
98	362	0.00164148
98	531	0.00156418
99	116	0.00126999
100	865	0.188648
101	1446	0.00418024
102	1074	9.30363e-05
102	1372	0.00089575
103	85	0.131679
103	888	0.000849525
103	1499	0.0332262
105	1431	0.000663721
106	475	0.00132132
106	800	0.641446
107	659	0.000117558
107	813	0.00109204
107	939	0.00104972
108	363	7.54423e-05
108	1509	0.00292809
109	117	0.000752043
109	186	0.000286511
109	741	0.00159285
110	1245	0.0126427
110	1461	0.202506
111	118	0.00544671
111	1217	0.00135871
111	1503	0.000123616
112	803	0.00230242
113	2	0.438117
114	1303	0.00793405
115	136	0.86746
115	1016	0.000877519
116	99	0.00126999
116	208	0.00209902
116	332	0.000211261
116	429	2.05197e-05
116	444	0.000267987
116	914	0.000650403
116	1212	0.00826805
116	1251	0.00300657
116	1352	4.86027e-05
116	1398	0.00646615
116	1437	0.00165362
116	1442	0.00413403
116	1464	0.00172827
116	1483	0.00746227
116	1506	0.00133199
117	109	0.000752043
117	186	0.000544281
117	338	9.72473e-05
117	449	0.000949772
117	741	0.00302592
117	963	0.000541312
117	996	0.00169009
117	1123	0.00309757
118	111	0.00544671
118	1217	0.00135871
118	1503	0.000123616
119	81	0.803739
120	546	0.50196
121	0	0.000306833
121	497	0.00113011
122	201	0.00117262
122	1109	0.000823911
123	41	0.000446462
123	43	0.000338037
123	75	6.92559e-05
123	337	0.000164818
123	436	0.000116942
123	841	0.000173386
123	1095	0.00013351
123	1217	0.00101207
123	1503	0.00200326
124	1045	0.00741573
125	369	0.00230242
126	1336	0.788629
127	507	0.366264
128	1047	0.000407877
128	1079	0.00036364
128	1481	0.0010833
128	1500	0.00241643
129	172	0.0005676
129	1404	0.000728875
129	1426	0.000352242
131	1266	0.00180846
132	676	0.00316096
132	1139	0.00139001
132	1375	0.00129182
132	1505	9.37858e-05
133	289	0.568784
133	547	0.439083
134	392	0.000372438
134	811	0.00148796
134	1054	0.000327769
135	0	0.00207338
136	115	0.86746
136	1016	9.82514e-05
137	1500	0.000422327
138	217	0.000440921
139	499	0.000154118
139	1424	0.00194228
140	529	0.00220851
141	481	0.00243186
142	1178	0.0320256
143	37	0.612397
143	834	0.000445473
144	1349	0.00942495
145	754	0.00487412
145	804	0.0030259
146	1051	0.0027523
146	1492	0.0050669
147	1444	1.51501e-05
148	82	0.00074592
148	84	0.00326238
148	901	0.000215375
148	978	0.000348697
148	1378	0.00364061
149	747	0.00017572
149	1153	0.0121566
149	1186	0.00341902
150	235	0.000922539
150	390	0.529116
151	587	0.00260141
151	1275	0.0184941
152	4	0.00873567
152	95	0.00155614
152	442	9.00073e-05
152	1027	0.000574764
152	1295	0.0118665
152	1302	0.0020818
152	1308	0.0116612
152	1329	0.00174905
153	30	0.00147212
154	161	0.799852
154	180	0.0781442
156	255	0.68931
157	431	0.00240775
158	21	0.498552
158	290	0.000426694
159	182	0.000232436
159	244	0.000319436
159	387	0.000178627
159	1387	0.00325576
160	34	0.000464959
161	154	0.799852
162	337	0.000130208
162	735	0.000102733
162	1503	0.041183
163	1373	0.000435735
164	1327	0.00385989
165	18	0.00076025
165	30	9.67447e-05
165	710	0.00088341
165	1189	0.0200098
166	877	0.295172
166	987	0.000751091
167	1486	0.000140664
168	508	0.41686
168	537	0.15586
168	577	0.0497407
168	716	9.78443e-05
168	1021	0.155729
169	930	0.00106742
169	1385	0.000556818
170	62	0.000557313
170	533	0.000737595
170	690	0.0022058
170	1202	0.00756231
170	1452	0.00768964
171	4	0.00063593
172	129	0.0005676
172	700	0.000128355
172	1426	0.228353
172	1447	0.0341153
173	370	0.776948
173	1486	1.41908e-05
175	178	0.00304003
175	612	0.000228227
175	844	0.100384
175	1012	8.52649e-05
176	1031	0.263798
177	448	0.284766
177	1425	0.010224
177	1497	0.00593514
178	189	0.227577
178	375	0.00119055
178	411	0.00125266
178	612	0.00257539
178	1014	0.000283194
178	1384	0.000145375
180	154	0.0781442
180	234	0.0240125
180	1236	0.00840009
180	1262	0.00233335
181	14	0.000615038
181	240	2.08442e-05
181	721	0.00201549
181	1417	0.00363448
182	159	0.000232436
182	438	0.190742
182	1387	0.00220124
183	940	9.38959e-05
183	1363	0.00866331
183	1465	0.000447182
184	222	0.000785707
185	431	0.000464591
186	109	0.000286511
186	117	0.000544281
186	741	0.00319828
186	963	0.000321835
187	281	0.00014074
187	501	0.783363
188	454	0.000105952
188	551	0.00199908
189	178	0.227577
190	1107	0.124957
191	345	0.0789476
191	581	0.0789476
191	1146	0.000412196
191	1508	0.0157577
192	538	0.518162
192	1200	0.000957755
193	979	0.149956
193	1338	0.0346602
194	509	0.00241804
195	170	0.000340657
195	848	2.21656e-05
195	1337	0.201049
195	1381	0.0666805
197	413	0.000396153
198	1403	0.00395595
198	1448	0.00222968
199	1193	0.00264819
199	1304	0.00413778
200	471	0.286704
201	78	1.58389e-05
201	122	0.00117262
201	1109	0.000189559
202	1503	9.15279e-06
203	8	0.0459458
203	43	0.047252
203	75	0.102363
203	528	7.45395e-05
203	1503	0.0628344
204	360	0.000227742
204	1481	0.000473831
204	1500	0.00422608
205	1088	0.0937735
206	278	0.000183586
206	1504	0.00124763
207	1235	0.00277812
208	282	0.0171122
208	313	0.0589608
208	402	0.000895486
208	429	0.0108475
208	561	6.47187e-05
208	736	0.00070701
208	796	0.0387967
208	1088	0.0991659
208	1244	0.000704277
208	1442	0.00158464
208	1464	0.0307735
209	1233	0.00753197
209	1481	0.00213552
210	381	0.00269606
211	264	0.000196225
212	4	0.000354576
212	328	0.000225595
212	737	0.000498943
212	1354	0.00499105
212	1388	0.0120503
213	674	0.000422173
213	1446	0.0011886
213	1452	0.000533172
215	1230	0.025385
216	1243	0.00102844
217	138	0.000440921
217	857	9.59215e-05
217	1464	0.0247715
218	1319	0.000573735
219	324	7.19887e-05
219	909	0.000111499
220	261	0.00133891
220	770	0.000597366
221	0	0.000267296
221	656	0.000260909
221	722	0.000194106
221	1407	0.00701302
222	184	0.000785707
223	1362	0.000106644
224	714	7.21829e-05
224	1086	0.811697
225	234	9.95592e-05
227	1452	0.000229542
228	641	0.000273325
228	1471	0.000138833
229	1314	0.0258093
231	355	0.000491158
231	534	0.00256355
231	565	0.00480772
231	583	0.000880617
231	639	0.000479022
231	657	0.00329775
231	793	0.000671908
232	481	0.000430329
233	1085	0.00163996
234	180	0.0240125
234	225	9.95592e-05
234	238	0.000272567
234	313	0.0155197
234	354	0.00079487
234	409	5.23076e-05
234	1430	0.0049435
234	1494	0.00279677
235	150	0.000922539
235	390	0.00012791
235	996	0.000180117
236	518	0.358722
237	1488	0.000180084
238	234	0.000272567
239	1342	0.00035812
240	14	5.85896e-05
240	56	3.65183e-05
240	181	2.08442e-05
240	347	0.000340711
240	1335	0.000256536
242	77	0.620486
243	67	7.4582e-05
244	12	0.145989
244	159	0.000319436
244	463	0.000342825
246	1125	0.00895088
247	339	0.000658036
247	724	0.000658036
247	1044	0.269271
248	980	0.0017829
248	1485	0.00192253
249	928	0.367483
251	636	0.000193649
252	1020	0.000166718
252	1392	5.95065e-05
252	1419	0.00129377
252	1508	0.000876442
253	462	0.51547
253	466	0.00159441
254	1128	0.0135192
255	156	0.68931
256	430	0.000581175
256	1104	0.382139
257	62	7.06062e-05
257	170	0.000297444
258	1432	0.0422132
260	1507	0.000279288
261	220	0.00133891
261	770	0.00820508
261	946	2.66624e-05
261	1138	0.00462899
261	1213	0.00694346
262	1460	0.18887
264	49	0.00288651
264	211	0.000196225
264	875	0.00109239
264	1451	0.0104756
266	74	0.000237537
266	980	0.000168409
267	1294	0.000652393
267	1403	7.52893e-05
267	1469	0.00156573
267	1471	0.000107673
268	636	0.482878
269	790	0.00241804
270	1501	0.00109421
271	867	0.00235676
272	58	0.00272786
272	864	0.000389291
275	282	0.143079
275	740	0.00119355
276	490	0.000168456
277	89	0.000491855
277	307	0.000172767
277	704	0.00278822
277	1346	0.00047885
278	206	0.000183586
278	1504	0.00652853
279	1501	0.00108789
280	1388	0.00865572
281	187	0.00014074
282	208	0.0171122
282	275	0.143079
282	740	6.65355e-05
284	28	4.39068e-05
284	835	0.000400802
284	1318	0.00224102
284	1335	2.92161e-05
285	479	0.370567
286	1126	0.00124588
286	1260	0.00384147
287	80	0.000690315
287	866	0.000547005
288	1139	0.00174197
289	133	0.568784
290	158	0.000426694
291	393	0.000348611
291	552	0.00226511
291	825	0.0021082
291	1105	3.42366e-05
291	1327	0.00550953
293	733	0.000877043
295	69	0.0012101
295	231	0.000189497
295	565	0.00131712
295	580	0.000149687
295	858	0.000648066
297	8	0.000110472
297	552	0.000421675
297	1217	0.00156778
298	1411	0.0116242
300	1043	0.199529
300	1199	0.000181647
302	401	0.0559395
302	974	7.73144e-05
304	1039	9.91987e-05
305	162	0.000130208
305	735	0.00229786
305	1217	0.000496765
306	750	0.00321936
307	277	0.000172767
308	728	0.504172
309	399	0.00508959
310	533	0.000501009
310	743	0.000197435
310	1452	0.00088688
311	503	0.0596813
311	688	0.000297246
311	792	7.43118e-05
311	1395	0.000772748
311	1477	0.00908965
311	1495	2.27673e-05
311	1509	0.000860531
312	711	0.00122141
313	116	0.000250949
313	208	0.0589608
313	234	0.0155197
313	332	0.000231203
314	1424	0.00781813
315	231	0.000169445
315	976	0.000470897
315	1363	4.88222e-05
316	779	0.000729884
317	87	0.0016974
318	1042	0.00115729
319	883	0.000655325
320	324	0.000670278
321	1446	0.00109573
322	1490	6.77168e-05
324	219	7.19887e-05
324	909	0.00049422
324	1015	0.00273594
324	1066	0.000680016
324	1340	0.000466047
324	1435	0.00607129
325	729	0.27945
325	830	0.429029
326	371	0.000594383
327	469	0.000397719
328	212	0.000225595
328	1354	0.000123894
329	1068	0.000338134
329	1502	0.000689317
331	586	0.000637666
331	850	0.000821252
331	1481	0.00355972
332	116	0.000211261
332	313	0.000231203
332	1483	0.000619335
332	1506	0.000442063
333	381	0.000540824
336	781	0.000819985
337	123	0.000164818
337	162	0.000130208
337	1503	0.000101691
338	117	9.72473e-05
338	963	0.000517517
338	1123	0.00526472
339	247	0.000658036
339	724	0.00301078
340	594	0.00075969
340	1454	0.00199264
342	787	0.00150123
342	872	0.00150123
342	1349	0.0118742
342	1370	0.025523
343	11	0.00102102
343	1478	0.000373786
345	191	0.0789476
346	1272	0.0136119
346	1365	0.00326727
347	240	0.000340711
347	1335	0.000440185
348	1446	0.00106797
349	589	0.00282172
350	1502	9.07947e-05
352	659	0.000717019
353	1258	0.00242652
353	1439	0.00742228
354	234	0.00079487
355	231	0.000491158
356	1488	2.05433e-05
357	11	0.000569467
358	1460	0.000112239
360	204	0.000227742
360	1481	0.000719926
360	1500	0.000225825
361	1062	0.000272524
361	1180	0.00489443
362	98	0.00164148
362	531	0.000693814
363	108	7.54423e-05
363	1509	0.00116103
365	1056	0.00134516
366	975	0.000238928
367	1419	0.000147952
368	16	0.00043052
368	587	0.000150557
368	1266	0.000621187
368	1471	0.000598047
369	125	0.00230242
370	173	0.776948
370	1486	3.09185e-05
371	326	0.000594383
371	739	0.00311512
372	45	0.0011154
374	631	0.000722442
374	1045	0.000600589
375	178	0.00119055
376	567	0.000326862
376	833	0.531753
377	1510	0.000207768
378	897	0.0111125
379	83	5.17092e-05
379	778	0.000630341
379	912	0.000746457
380	1487	0.004412
380	1490	0.000740757
381	210	0.00269606
381	333	0.000540824
382	1204	0.0619963
384	22	0.000464203
384	1503	0.00011876
385	0	0.000158825
386	855	0.000276524
387	159	0.000178627
388	598	0.00241804
390	150	0.529116
390	235	0.00012791
391	65	0.000579462
392	134	0.000372438
392	811	0.00643849
392	1054	0.00141828
393	291	0.000348611
393	1105	7.39209e-05
393	1327	0.005287
394	514	0.00301078
394	1349	0.00326935
395	0	0.000206262
396	83	0.00127157
396	778	0.00139507
396	873	0.00072815
397	815	0.000760666
397	965	0.00163922
398	1303	0.00159679
399	309	0.00508959
400	3	0.00141374
401	80	0.0559775
401	302	0.0559395
401	478	0.000922131
402	208	0.000895486
402	1373	0.00123547
403	843	0.000792517
404	1471	0.000409281
405	1032	0.00209707
405	1321	0.0138643
406	568	0.000819985
408	15	0.43846
409	234	5.23076e-05
410	813	0.000427771
410	997	0.000135667
411	178	0.00125266
413	1259	0.0118011
414	1435	0.000573861
415	1501	0.00172473
417	1342	0.000469221
418	615	0.000373539
418	820	0.000844091
418	883	0.00179861
419	17	0.000147753
420	919	0.000691882
420	1507	0.000362703
421	1496	0.000342697
422	0	0.000759257
422	726	0.00272957
422	1407	0.000983741
423	988	0.0264793
423	1175	0.0303417
425	572	0.000194644
425	1045	0.000954412
426	116	0.0002724
426	666	0.00291239
426	1483	0.000199645
426	1506	0.000142499
428	53	0.000194597
428	531	0.000641013
428	1042	0.000628516
429	116	2.05197e-05
429	208	0.0108475
429	1373	0.000390662
430	256	0.000581175
430	813	0.000406634
431	157	0.00240775
431	185	0.000464591
431	625	0.000164905
431	1197	0.0130176
432	692	0.000748624
432	1440	0.0318383
433	1473	0.000531857
435	1199	0.00315207
436	123	0.000116942
436	1503	0.00621921
437	1446	0.00110531
438	182	0.190742
440	547	0.00445224
440	1480	0.00544603
442	4	0.000836029
442	152	9.00073e-05
442	1295	0.000961113
442	1329	0.000884286
443	847	0.000546707
443	1505	0.000753481
444	116	0.000267987
444	1483	0.00491023
445	980	0.000218808
445	1485	0.0006554
447	1499	0.00083801
448	177	0.284766
449	117	0.000949772
450	1434	0.00364065
451	30	8.1341e-05
453	781	0.000819985
454	188	0.000105952
454	551	0.000744203
454	907	0.00160447
454	963	0.000252809
454	1123	0.00257184
454	1401	5.07446e-05
455	234	0.000277915
455	1333	0.000519762
455	1463	0.00146275
456	949	0.00241804
457	1099	0.00110799
457	1446	0.00716534
459	736	0.000671695
459	1464	0.000591862
461	490	0.0021243
462	253	0.51547
462	466	0.000313689
462	764	0.00127612
463	12	0.0015473
463	244	0.000342825
464	1505	8.37207e-05
465	535	0.00306381
466	253	0.00159441
466	462	0.000313689
468	11	0.000971378
468	1296	0.037271
469	327	0.000397719
470	1387	0.00664244
470	1422	0.000427798
471	200	0.286704
472	697	0.00536268
474	1199	0.00326324
475	106	0.00132132
476	29	0.000141468
476	552	0.000543403
476	1217	0.000505087
476	1503	1.14883e-05
477	0	0.000790793
477	5	0.000519874
478	401	0.000922131
479	285	0.370567
481	141	0.00243186
481	232	0.000430329
481	668	0.00219735
481	851	0.000137334
481	919	0.000119967
481	1004	0.000426532
481	1170	0.0120933
481	1271	0.0080622
481	1507	0.00307887
482	5	8.67835e-05
483	27	0.00152839
483	838	0.000887846
483	1503	0.000212878
484	1237	0.0118293
485	557	0.000752906
485	1505	0.000741069
487	993	0.0032231
488	50	0.000357128
490	276	0.000168456
490	461	0.0021243
490	805	0.41108
492	0	0.000202749
492	1407	0.00420306
493	1341	8.40369e-05
494	47	0.000279342
495	13	0.000911853
496	17	0.229453
496	959	0.000806011
496	1414	8.68874e-06
497	0	0.00238223
497	121	0.00113011
498	975	0.000923693
499	139	0.000154118
501	187	0.783363
502	847	0.00111776
502	994	0.000217657
502	1409	0.00544562
502	1505	0.000304302
503	2	0.0180416
503	85	0.262195
503	311	0.0596813
503	1477	0.0009859
503	1509	3.65165e-05
504	1366	0.00547024
504	1372	8.12813e-05
505	3	0.00101201
506	975	0.000238928
507	127	0.366264
507	590	0.000396114
508	168	0.41686
509	194	0.00241804
510	839	0.00153694
510	955	0.00287441
510	1082	0.000980795
511	1510	9.64127e-05
513	1478	0.000386973
514	394	0.00301078
514	1349	0.00326935
515	65	0.000105616
515	595	0.000746439
515	706	0.000746439
518	236	0.358722
519	1475	0.00465043
519	1510	9.47419e-05
520	0	0.00117696
520	697	0.00124522
521	1468	1.13174e-05
521	1508	0.00299131
522	15	0.000830648
522	46	0.000178772
522	1508	0.000482398
523	28	0.00100081
523	1318	0.00204328
523	1335	0.000665951
524	871	0.0007163
524	1412	0.00260748
525	1372	0.000325123
526	3	0.000370059
527	1217	0.000522597
528	8	0.00121997
528	203	7.45395e-05
528	1217	0.00432832
529	140	0.00220851
530	1483	0.000441919
530	1506	0.000315426
531	98	0.00156418
531	362	0.000693814
531	428	0.000641013
531	1042	0.000414881
531	1510	8.58187e-05
533	170	0.000737595
533	310	0.000501009
533	743	5.51924e-05
533	1452	0.00113844
534	231	0.00256355
534	639	0.00161171
534	1307	0.021742
535	465	0.00306381
535	1301	0.0220996
536	33	0.00214871
536	65	0.000224477
536	93	0.00435249
536	1462	0.000786221
537	168	0.15586
538	192	0.518162
539	980	0.000218808
539	1049	0.000175694
540	1266	0.00261171
541	1465	0.00350618
542	950	0.000256801
542	1506	0.000804152
543	45	0.199067
544	830	0.000396257
544	882	0.00311512
545	1056	0.00401691
546	120	0.50196
546	677	0.0015977
547	133	0.439083
547	440	0.00445224
547	1480	0.00771132
548	1443	0.0079487
548	1463	0.0016621
551	188	0.00199908
551	454	0.000744203
552	291	0.00226511
552	297	0.000421675
552	476	0.000543403
552	1156	0.025955
552	1217	0.00911047
552	1462	0.00540793
553	1504	0.000163258
553	1505	8.51466e-05
557	485	0.000752906
557	1505	0.000340584
559	83	0.000863167
561	208	6.47187e-05
561	1464	5.32874e-05
562	778	0.00144219
563	1302	0.00435351
565	231	0.00480772
565	295	0.00131712
565	657	0.00254681
566	14	0.00150013
566	56	0.000278188
566	1335	0.004397
566	1417	0.000457893
567	376	0.000326862
568	406	0.000819985
568	1500	0.000229739
569	54	0.822946
569	1254	0.0182164
569	1405	0.0039845
570	58	0.000226201
571	671	0.00301078
571	1490	0.000343007
572	425	0.000194644
572	1045	0.000953248
573	1452	0.000218451
573	1488	2.66791e-05
574	1126	0.0100534
575	679	0.00264455
575	751	0.00264455
575	1343	0.0374382
576	1126	0.00247055
577	168	0.0497407
577	716	0.000528033
579	850	0.000259518
579	1481	0.000719926
580	69	0.000200974
580	295	0.000149687
580	1041	0.00280065
580	1081	0.000118115
581	191	0.0789476
581	1508	0.000268848
582	590	0.000771984
582	806	0.00311422
583	231	0.000880617
583	976	0.000611817
586	331	0.000637666
587	151	0.00260141
587	368	0.000150557
587	1266	0.00212345
587	1275	0.005717
587	1294	0.0030967
588	1344	2.28085e-05
589	349	0.00282172
590	507	0.000396114
590	582	0.000771984
590	806	0.000771984
591	1461	0.694002
592	35	0.000525867
592	1500	0.000225825
593	1510	0.000207768
594	340	0.00075969
594	1454	0.00845401
595	65	0.000235662
595	515	0.000746439
595	706	0.00018506
597	1441	8.54446e-05
598	388	0.00241804
599	1498	6.45933e-05
601	63	0.000971276
601	1277	0.0453188
602	727	0.000169199
602	1349	0.00190275
603	11	0.000246844
603	1248	0.0441994
603	1266	0.00252568
604	1231	0.00346608
605	801	0.000711014
605	1020	0.000464549
606	16	0.00063016
608	25	0.000583269
608	39	0.000449291
608	1422	0.000406654
609	966	0.000798847
610	947	0.0032231
612	175	0.000228227
612	178	0.00257539
613	1287	0.0281262
614	56	0.000209785
614	1335	0.00589485
615	418	0.000373539
615	820	0.617043
616	621	0.0032231
618	1347	0.0132849
618	1507	0.000362703
619	19	0.000340778
619	1284	0.0299594
621	616	0.0032231
622	709	0.00326214
622	772	0.000891217
622	1325	0.0151632
622	1456	0.0160931
625	431	0.000164905
625	1197	0.0151063
628	1508	0.000519374
629	905	0.000792517
630	969	0.00650198
631	374	0.000722442
631	968	0.00226204
631	1045	0.000144114
632	1319	0.00529677
632	1429	0.000141957
634	1311	0.0454186
635	729	0.000808142
635	1504	0.000502616
636	251	0.000193649
636	268	0.482878
637	1499	7.67715e-05
639	231	0.000479022
639	534	0.00161171
640	1403	0.00178867
641	228	0.000273325
641	1471	0.00010232
642	674	0.000647032
642	827	0.0101263
642	1446	0.000455422
645	17	0.000552066
645	767	0.00155892
647	768	0.00308925
648	1481	0.000719926
650	743	0.00230308
650	1452	0.000211133
651	916	0.0032231
654	1398	0.0018912
654	1464	0.000338315
655	772	0.000484364
656	0	0.00146482
656	221	0.000260909
656	1011	0.00107378
656	1017	0.000273179
656	1407	0.00189936
657	231	0.00329775
657	565	0.00254681
658	1282	0.0457052
659	107	0.000117558
659	352	0.000717019
659	813	0.0015622
660	16	0.000294631
662	1243	0.00127869
664	898	0.000615127
666	116	0.0002724
666	426	0.00291239
666	1483	0.000199645
666	1506	0.000142499
668	481	0.00219735
669	798	0.00311422
670	860	0.000276524
671	571	0.00301078
671	1490	0.000343007
672	755	9.19132e-05
672	1467	0.344393
673	78	0.000824174
673	1303	0.00219119
673	1378	0.00220617
674	213	0.000422173
674	642	0.000647032
674	827	0.00232445
674	1446	0.00375955
675	1470	0.00204887
676	132	0.00316096
676	1139	0.000516854
676	1375	0.000120086
677	546	0.0015977
678	267	3.36256e-05
678	1471	0.000405763
679	575	0.00264455
679	751	0.00264455
679	1343	0.0374382
680	779	0.00291952
681	1509	0.000614932
683	13	0.248643
688	311	0.000297246
688	1509	0.00225743
690	170	0.0022058
690	1452	0.00240309
691	18	0.00225815
691	1221	0.0104475
692	432	0.000748624
693	1434	0.0134919
693	1455	0.00233172
695	62	8.45359e-05
695	744	0.00214625
695	1381	0.000390002
696	48	0.000676757
696	1311	0.00022778
696	1376	1.40785e-05
696	1415	1.27209e-05
697	472	0.00536268
697	520	0.00124522
700	172	0.000128355
700	930	0.000631403
700	1108	0.000175627
700	1447	0.000632712
700	1457	0.0178771
701	931	0.00224119
701	1506	0.0012617
702	17	0.000147753
703	713	0.000567756
703	1133	0.0222832
703	1187	0.0222832
704	277	0.00278822
705	117	0.000415048
705	996	0.000250201
706	65	0.000654621
706	515	0.000746439
706	595	0.00018506
707	80	0.000912585
709	622	0.00326214
709	727	0.000526363
709	772	0.000831168
709	960	0.000196946
709	1325	0.00981839
709	1389	0.0271217
709	1456	0.00765472
710	18	0.00128018
710	165	0.00088341
711	312	0.00122141
711	1145	0.0114369
711	1239	0.0102932
712	65	0.000239643
713	703	0.000567756
713	878	0.000200344
713	970	0.000969103
714	224	7.21829e-05
715	1303	0.00890025
715	1378	0.00143377
716	168	9.78443e-05
716	577	0.000528033
717	812	0.00063347
717	1126	0.000592404
717	1226	0.000548148
717	1310	0.000942175
718	70	0.0738566
718	92	0.00130763
719	36	0.000886099
720	1342	0.000469221
721	181	0.00201549
722	0	0.000153368
722	221	0.000194106
722	1407	0.00715358
723	1488	0.000106716
724	247	0.000658036
724	339	0.00301078
725	1463	0.00370813
726	0	0.000759257
726	422	0.00272957
726	1407	0.000983741
727	602	0.000169199
727	709	0.000526363
727	1349	0.0177355
727	1389	0.00732271
728	308	0.504172
728	791	0.00126291
729	325	0.27945
729	635	0.000808142
730	766	0.0032231
731	1464	0.000355607
733	293	0.000877043
733	1327	0.00459452
733	1439	0.00459452
735	162	0.000102733
735	305	0.00229786
735	1217	0.000391945
736	208	0.00070701
736	459	0.000671695
736	1464	0.000145646
737	212	0.000498943
737	1354	0.000274013
738	752	0.00311422
738	1446	0.000478699
739	371	0.00311512
740	116	0.000209477
740	275	0.00119355
740	282	6.65355e-05
741	109	0.00159285
741	117	0.00302592
741	186	0.00319828
741	963	0.000198801
742	1208	0.00408541
743	310	0.000197435
743	533	5.51924e-05
743	650	0.00230308
743	1452	0.000448624
744	62	0.000121968
744	695	0.00214625
744	1452	1.78435e-05
745	1139	0.00220591
747	149	0.00017572
747	1186	0.0344744
747	1235	0.00437771
748	1056	0.00136846
749	1125	0.0116242
750	306	0.00321936
751	575	0.00264455
751	679	0.00264455
751	1343	0.0374382
752	738	0.00311422
752	1446	0.000478699
753	45	0.000249995
753	989	0.302107
754	145	0.00487412
754	804	0.000621644
755	672	9.19132e-05
755	1467	0.000540725
757	854	0.00225793
757	994	0.00183335
757	1409	0.00127414
757	1410	0.00238865
758	1504	0.00265738
759	231	0.000811517
759	793	0.000547427
760	1503	0.000105156
761	1260	0.00788617
762	1234	0.0109215
762	1487	0.0334907
762	1490	0.00249952
763	933	0.000255317
763	960	0.000541617
764	462	0.00127612
765	8	0.000569451
765	1217	0.00202036
766	730	0.0032231
767	17	0.237547
767	645	0.00155892
768	647	0.00308925
770	220	0.000597366
770	261	0.00820508
770	946	4.75828e-05
770	1138	0.00826111
770	1290	0.0110148
771	1373	0.000616884
772	622	0.000891217
772	655	0.000484364
772	709	0.000831168
772	960	0.000149585
772	1003	0.000625588
772	1169	0.00686644
772	1325	0.0146214
772	1456	0.0188345
773	62	0.00127267
773	1452	0.000744739
774	1463	0.00676359
776	940	0.000533338
777	17	0.000580772
778	83	0.00440026
778	379	0.000630341
778	396	0.00139507
778	562	0.00144219
778	873	0.000157582
778	879	0.000657633
778	912	0.00254243
779	316	0.000729884
779	680	0.00291952
779	1261	0.0168471
780	5	8.8314e-05
781	336	0.000819985
781	453	0.000819985
782	1016	0.0003382
783	838	0.00214897
783	1503	4.51962e-05
785	944	0.000792222
785	1313	0.000977156
786	1335	0.000689033
787	342	0.00150123
787	872	0.00447658
787	1349	0.00179394
788	1020	0.000201679
788	1101	0.00182016
788	1325	0.00045091
790	269	0.00241804
791	728	0.00126291
792	311	7.43118e-05
792	1495	5.96324e-05
793	231	0.000671908
793	759	0.000547427
794	1056	0.000750257
795	1510	9.64127e-05
796	116	7.33895e-05
796	208	0.0387967
797	55	0.000214695
798	669	0.00311422
799	1099	0.000128349
799	1446	0.00571792
800	106	0.641446
801	605	0.000711014
801	1020	0.000218568
803	112	0.00230242
804	145	0.0030259
804	754	0.000621644
804	974	0.000522792
805	490	0.41108
806	582	0.00311422
806	590	0.000771984
809	1500	0.00203242
811	134	0.00148796
811	392	0.00643849
811	1054	0.00566631
812	717	0.00063347
812	935	0.00143705
812	1126	0.000523938
812	1226	0.00048479
812	1310	0.00020832
813	11	0.00344647
813	107	0.00109204
813	410	0.000427771
813	430	0.000406634
813	659	0.0015622
813	997	0.000450145
813	1010	0.00044624
813	1469	0.0111081
815	397	0.000760666
817	895	0.000766831
818	904	0.00055316
820	418	0.000844091
820	615	0.617043
821	852	0.00311422
822	1488	5.85072e-05
823	1243	0.00168989
824	1328	0.00447114
825	291	0.0021082
826	842	0.000748624
827	642	0.0101263
827	674	0.00232445
827	1446	0.00163609
828	1464	3.01474e-05
828	1506	0.00011243
830	325	0.429029
831	1454	0.0020775
831	1510	0.000372514
832	1174	0.0061996
832	1481	0.0007324
833	376	0.531753
834	143	0.000445473
835	284	0.000400802
835	891	0.00309721
835	1318	0.00155005
836	1499	0.00999692
837	1089	0.00204024
837	1199	0.0027534
837	1496	0.000294254
838	27	0.000955586
838	483	0.000887846
838	783	0.00214897
838	1503	0.000181486
839	510	0.00153694
839	910	0.0015136
841	123	0.000173386
841	1503	1.18864e-05
842	826	0.000748624
842	1479	0.00109537
843	403	0.000792517
844	175	0.100384
844	178	0.000288189
846	1049	0.0702748
846	1103	0.000275387
847	443	0.000546707
847	502	0.00111776
847	1013	0.000143276
847	1246	0.0081603
847	1409	0.00680128
847	1427	0.0122404
847	1459	0.000604465
847	1505	0.00735169
848	195	2.21656e-05
848	1337	6.31692e-05
848	1452	0.0027741
850	331	0.000821252
850	579	0.000259518
850	1481	0.00149984
851	481	0.000137334
851	1181	0.018282
851	1365	0.00365686
852	821	0.00311422
853	51	0.000638055
853	868	0.00101646
853	1348	7.64804e-05
853	1452	0.00020429
854	757	0.00225793
854	994	0.00190105
854	1409	0.00132119
854	1410	0.00247683
855	386	0.000276524
856	1319	0.000624228
856	1429	0.000602268
857	217	9.59215e-05
858	295	0.000648066
860	670	0.000276524
860	1510	0.000287549
862	1357	9.72939e-05
863	944	0.000604739
864	58	0.00087398
864	272	0.000389291
865	100	0.188648
866	287	0.000547005
866	1464	0.000587177
867	271	0.00235676
868	51	0.713968
868	853	0.00101646
868	1348	2.75792e-05
869	1502	0.000576469
871	524	0.0007163
871	1412	0.0106017
872	342	0.00150123
872	787	0.00447658
872	1349	0.00179394
873	83	0.000827328
873	396	0.00072815
873	778	0.000157582
875	49	9.78693e-05
875	264	0.00109239
875	1451	0.0219218
876	883	0.000481557
877	166	0.295172
877	987	0.000133339
878	713	0.000200344
878	970	0.00100318
879	778	0.000657633
880	33	0.00112323
880	65	0.000638874
880	1453	0.00832379
881	1139	0.000580654
882	544	0.00311512
883	319	0.000655325
883	418	0.00179861
883	876	0.000481557
883	1503	0.0055108
884	77	0.11132
884	86	0.00103485
886	9	0.00180961
886	1491	0.0031454
887	908	0.00140415
888	85	0.000156911
888	103	0.000849525
888	938	0.000688698
888	1460	2.31589e-05
888	1499	0.00014508
889	39	0.000118163
889	1422	0.000427798
891	835	0.00309721
891	1318	0.00277079
892	235	0.000249171
893	94	0.00209667
894	4	0.000308592
895	817	0.000766831
897	378	0.0111125
898	116	0.000284099
898	664	0.000615127
899	1387	0.00664244
900	1108	3.90819e-05
901	148	0.000215375
901	1378	0.00303152
903	4	0.00011734
903	1329	0.000193928
904	818	0.00055316
905	629	0.000792517
906	976	0.0050742
906	1363	0.000131522
906	1465	0.00234068
907	454	0.00160447
907	1401	0.0790784
908	887	0.00140415
908	1220	0.0106549
909	219	0.000111499
909	324	0.00049422
909	1435	3.67749e-05
910	65	0.00117464
910	839	0.0015136
910	972	0.0014771
910	1431	0.00218833
910	1462	0.000756326
912	83	0.000208563
912	379	0.000746457
912	778	0.00254243
913	1382	0.00520086
914	116	0.000650403
915	83	0.000489772
916	651	0.0032231
917	62	0.000779173
917	963	0.000529992
919	420	0.000691882
919	481	0.000119967
919	1507	0.00630232
920	47	0.206211
921	1500	0.00091895
922	90	0.000136466
924	1496	6.59708e-05
925	1093	0.00146114
926	1474	0.00277774
927	63	0.000442904
928	249	0.367483
928	1049	0.0394218
929	987	0.000582289
930	700	0.000631403
930	1108	0.000287338
930	1447	0.000121684
930	1457	0.00467974
931	701	0.00224119
931	1506	0.00100318
933	763	0.000255317
933	960	0.000337646
934	1509	0.00507922
935	812	0.00143705
936	1332	0.00262917
938	888	0.000688698
939	107	0.00104972
939	813	0.000871841
940	183	9.38959e-05
940	945	0.000528839
940	1465	0.00483342
941	1139	0.000439367
942	1022	0.489832
943	1048	0.00224119
944	785	0.000792222
944	863	0.000604739
944	1313	0.00377659
945	940	0.000528839
945	1465	0.000279846
946	261	2.66624e-05
946	770	4.75828e-05
946	1138	0.00386359
947	610	0.0032231
948	3	0.000370059
949	456	0.00241804
950	542	0.000256801
950	1506	0.00128249
951	1508	0.000101714
952	990	0.325109
953	1016	0.00132936
954	1446	0.00298023
955	510	0.00287441
956	77	0.000480149
957	1467	0.000543876
958	1109	8.42331e-05
959	17	0.000295509
959	496	0.000806011
959	1414	0.0279123
960	709	0.000196946
960	763	0.000541617
960	772	0.000149585
960	933	0.000337646
960	1389	0.0027399
960	1456	0.000495531
961	1328	0.00443337
961	1382	0.00533261
961	1444	2.15664e-05
963	117	0.000541312
963	186	0.000321835
963	338	0.000517517
963	454	0.000252809
963	741	0.000198801
963	1123	0.0164842
964	208	0.000188737
964	1483	0.000811956
965	397	0.00163922
966	609	0.000798847
968	631	0.00226204
969	630	0.00650198
970	713	0.000969103
970	878	0.00100318
972	65	0.000228085
972	910	0.0014771
972	1431	0.0023114
973	1500	0.00023379
974	302	7.73144e-05
974	804	0.000522792
975	366	0.000238928
975	506	0.000238928
975	1102	0.00074918
975	1122	0.00689367
975	1258	0.00212113
976	315	0.000470897
976	583	0.000611817
976	906	0.0050742
976	1363	0.0006101
976	1465	0.000887143
977	988	0.000119768
978	148	0.000348697
979	193	0.149956
979	1338	0.00309232
979	1460	0.120893
980	248	0.0017829
980	266	0.000168409
980	445	0.000218808
980	539	0.000218808
980	1134	0.0289018
980	1485	0.0335386
981	1431	0.00112693
983	1506	0.000152551
984	1199	0.00326324
985	1319	0.000147133
987	166	0.000751091
987	877	0.000133339
987	929	0.000582289
988	423	0.0264793
988	977	0.000119768
988	1132	0.00254679
989	45	0.000600557
989	753	0.302107
990	952	0.325109
991	1314	0.00650972
993	487	0.0032231
994	502	0.000217657
994	757	0.00183335
994	854	0.00190105
994	1409	0.00297987
994	1410	0.00201109
995	1507	6.24342e-05
996	117	0.00169009
996	235	0.000180117
996	705	0.000250201
997	410	0.000135667
997	813	0.000450145
998	39	0.184935
998	1273	0.0187614
998	1422	0.000215769
1000	1255	0.00264819
1000	1319	2.66641e-05
1001	1440	0.00119178
1002	1408	0.00118323
1002	1510	7.23093e-05
1003	772	0.000625588
1003	1325	0.00265819
1003	1456	0.00207241
1004	481	0.000426532
1004	1507	0.000276824
1005	1258	0.00550822
1006	19	0.421233
1008	1446	0.000495582
1009	1428	0.0917669
1010	16	7.68378e-05
1010	813	0.00044624
1010	1471	0.000106738
1011	0	0.000154697
1011	656	0.00107378
1012	175	8.52649e-05
1013	847	0.000143276
1013	1459	0.000872393
1013	1505	0.634946
1014	178	0.000283194
1014	1360	0.000129642
1015	324	0.00273594
1016	115	0.000877519
1016	782	0.0003382
1016	953	0.00132936
1016	1222	0.00958882
1016	1498	0.000418552
1017	656	0.000273179
1018	1025	0.000159865
1018	1049	0.00893158
1018	1386	0.000510661
1019	1484	0.00115577
1020	46	0.0757904
1020	605	0.000464549
1020	801	0.000218568
1020	1468	8.76631e-07
1020	1508	0.00237172
1021	168	0.155729
1022	942	0.489832
1023	71	0.234146
1023	74	0.00253984
1023	1406	0.000941139
1025	1018	0.000159865
1026	11	8.80854e-05
1026	1269	0.00315446
1026	1478	3.22477e-05
1027	4	2.37271e-05
1027	152	0.000574764
1027	1295	0.00613738
1029	1502	9.07947e-05
1030	57	0.000516615
1031	176	0.263798
1031	1346	0.00101933
1032	405	0.00209707
1032	1283	0.0231909
1032	1321	0.00207062
1035	1413	0.00023501
1035	1497	1.24009e-05
1039	304	9.91987e-05
1039	1428	0.134562
1040	1360	4.44994e-05
1041	69	7.39299e-05
1041	295	5.50637e-05
1041	580	0.00280065
1041	1081	9.77617e-05
1042	53	0.00139899
1042	318	0.00115729
1042	531	0.000414881
1042	1339	7.86065e-05
1042	1510	0.100869
1043	300	0.199529
1043	1319	0.00195513
1043	1476	0.0164292
1044	247	0.269271
1045	124	0.00741573
1045	374	0.000600589
1045	425	0.000954412
1045	572	0.000953248
1045	631	0.000144114
1046	83	0.00014814
1047	128	0.000407877
1048	943	0.00224119
1049	74	0.0135072
1049	539	0.000175694
1049	846	0.0702748
1049	928	0.0394218
1049	1018	0.00893158
1049	1130	0.00343805
1050	1319	0.000479244
1051	146	0.0027523
1052	1455	0.000801238
1054	134	0.000327769
1054	392	0.00141828
1054	811	0.00566631
1056	365	0.00134516
1056	545	0.00401691
1056	748	0.00136846
1056	794	0.000750257
1056	1142	0.00592255
1057	4	0.00165739
1057	1329	0.00175415
1058	1184	0.00083655
1058	1501	0.00495272
1059	17	0.000111801
1060	1494	0.084411
1061	1247	0.00793279
1062	361	0.000272524
1062	1149	0.00786306
1062	1180	0.000413847
1063	65	8.41448e-05
1064	46	0.462094
1064	1508	0.000226031
1066	324	0.000680016
1068	329	0.000338134
1068	1499	0.0121895
1068	1502	0.077583
1070	24	0.692698
1074	102	9.30363e-05
1075	1366	0.00417503
1075	1372	6.20362e-05
1076	1111	0.446037
1077	1226	0.00988984
1079	128	0.00036364
1080	1097	0.0805155
1081	580	0.000118115
1081	1041	9.77617e-05
1082	510	0.000980795
1083	2	0.000247707
1084	94	0.000723543
1085	233	0.00163996
1086	224	0.811697
1088	205	0.0937735
1088	208	0.0991659
1088	1251	0.000614892
1088	1373	0.000705451
1089	837	0.00204024
1089	1199	0.00236405
1089	1496	0.000252646
1091	1310	3.86119e-05
1091	1326	3.77719e-05
1092	1266	0.001824
1093	925	0.00146114
1095	123	0.00013351
1097	1080	0.0805155
1099	457	0.00110799
1099	799	0.000128349
1099	1203	0.00257576
1099	1446	0.00517766
1101	788	0.00182016
1101	1020	0.000143201
1102	975	0.00074918
1103	846	0.000275387
1104	256	0.382139
1105	291	3.42366e-05
1105	1327	0.00116827
1105	1503	0.00175054
1106	1313	0.00249745
1107	190	0.124957
1108	5	0.0381656
1108	6	3.90819e-05
1108	700	0.000175627
1108	900	3.90819e-05
1108	930	0.000287338
1108	1377	0.00720427
1108	1400	0.0695645
1108	1447	0.0883809
1108	1457	0.00130169
1109	122	0.000823911
1109	201	0.000189559
1109	958	8.42331e-05
1109	1303	0.00501997
1111	1076	0.446037
1113	28	0.394809
1113	1228	0.0130586
1113	1318	0.00233784
1113	1335	0.000761958
1113	1461	7.86417e-05
1114	66	0.319072
1115	1356	0.012507
1115	1397	0.00456987
1116	1139	0.0109754
1116	1504	0.0127787
1118	40	0.00709253
1118	1337	0.00114818
1118	1452	0.00315143
1121	1217	0.0100521
1122	975	0.00689367
1123	117	0.00309757
1123	338	0.00526472
1123	454	0.00257184
1123	963	0.0164842
1125	246	0.00895088
1125	749	0.0116242
1126	286	0.00124588
1126	574	0.0100534
1126	576	0.00247055
