0	1488	0.166635
0	1407	0.0959069
0	5	0.0474551
0	497	0.029797
0	135	0.0277984
0	656	0.0233654
0	520	0.0209441
0	477	0.0171677
0	726	0.0168219
0	422	0.0168219
2	113	0.404088
2	503	0.0820009
2	1418	0.0731572
2	235	0.0129784
2	1083	0.00960838
2	40	0.00797893
2	150	0.00562149
3	1171	0.0833775
3	400	0.0229544
3	505	0.0194211
3	776	0.0133278
3	632	0.0130527
3	18	0.0118688
4	1329	0.128319
4	1388	0.100546
4	1135	0.0583497
4	152	0.0570596
4	45	0.0343582
4	1295	0.0324239
4	1302	0.0254678
4	1057	0.0248538
4	95	0.020551
5	1108	0.119266
5	1136	0.0498856
5	190	0.0492308
5	0	0.0474551
5	191	0.0394595
5	135	0.0202932
6	1108	0.00381653
7	1361	0.0306548
7	1507	0.00759778
7	1394	0.00671772
7	55	0.00193155
7	1337	0.00118636
8	203	0.130859
8	1217	0.0834912
8	1282	0.0281419
8	528	0.0213233
8	765	0.0145683
8	658	0.00734592
9	1491	0.068691
9	886	0.0259701
9	182	0.0185425
9	813	0.00880442
9	159	0.00422993
10	1139	0.0269173
10	1493	0.0022332
11	1296	0.069188
11	1269	0.0668419
11	1185	0.0373658
11	1248	0.0373658
11	813	0.03584
11	440	0.0230489
11	1295	0.0220401
12	244	0.23326
12	463	0.0240142
13	683	0.304417
13	1376	0.0721443
13	495	0.018435
13	1302	0.0108051
13	0	0.00699533
13	83	0.00238503
14	1417	0.0719892
14	1335	0.0530926
14	566	0.0236453
14	56	0.0160319
14	181	0.0151402
14	240	0.00467295
15	408	0.404246
15	1508	0.117664
15	191	0.0617584
15	522	0.017595
15	46	0.0171403
15	1392	0.0145705
16	606	0.0153252
16	368	0.0126671
16	660	0.010479
16	1018	0.00797869
16	1471	0.00560126
16	1010	0.00535141
16	813	0.0019088
17	767	0.297547
17	496	0.292434
17	777	0.0147124
17	645	0.0143442
17	1126	0.0129919
17	1414	0.0119857
17	959	0.0104946
17	702	0.00742077
17	419	0.00742077
18	1221	0.0581141
18	1132	0.0355875
18	691	0.0290106
18	1189	0.0259894
18	1508	0.0247703
18	710	0.0218432
18	165	0.0168329
19	1006	0.396225
19	1210	0.0715438
19	1284	0.0355504
19	1481	0.0136613
19	648	0.0113653
19	619	0.0112698
21	158	0.431058
21	587	0.00752572
21	66	0.00676995
21	1056	0.00411398
22	1503	0.0243076
22	384	0.0131533
22	733	0.0104847
22	50	0.00384102
23	1488	0.00880507
23	0	0.00612065
23	1499	0.00373412
24	1070	0.508104
24	1374	0.0108192
25	1422	0.0468129
25	39	0.0274894
25	608	0.014744
25	980	0.00397419
27	1472	0.0241327
27	483	0.023867
27	838	0.0188719
27	1217	0.0102157
27	1503	0.00462044
28	1113	0.383596
28	1318	0.0477066
28	1335	0.0408605
28	1228	0.0282022
28	523	0.0193133
28	284	0.00404526
29	206	0.0202356
29	552	0.0154146
29	1504	0.0134027
29	1217	0.00891304
29	1462	0.00763559
29	476	0.00726122
29	589	0.00702956
30	47	0.368809
30	153	0.0234235
30	1209	0.0185422
30	165	0.00600474
30	1503	0.0059642
30	29	0.00581568
30	451	0.00550599
30	883	0.00421945
31	1139	0.0375002
31	1329	0.0335085
31	1377	0.00190739
33	1265	0.051957
33	93	0.0288157
33	536	0.0282989
33	65	0.0261559
33	880	0.0204604
33	1453	0.018372
34	160	0.013164
35	1408	0.0979006
35	1406	0.0352112
35	1182	0.0309645
35	1239	0.0293755
35	1137	0.020271
35	1500	0.0150737
35	592	0.0139997
35	1422	0.0102887
35	1481	0.0100862
36	719	0.0181728
37	143	0.477746
37	1214	0.0130227
37	1446	0.00149006
37	1464	0.000856186
38	1502	0.0027585
39	998	0.262537
39	25	0.0274894
39	1422	0.0241621
39	1273	0.0225446
39	608	0.0129403
39	889	0.00663622
40	1118	0.051414
40	1452	0.00881019
40	2	0.00797893
40	148	0.00764467
40	1488	0.00676973
40	1337	0.00212714
41	123	0.0128995
41	1503	0.00619206
41	43	0.00597503
42	1416	0.113735
43	1503	0.195139
43	75	0.188
43	203	0.132706
43	1317	0.0141426
43	123	0.0112244
43	41	0.00597503
43	1382	0.00485133
43	506	0.00372352
43	975	0.00303824
44	52	0.0331119
44	1466	0.0209752
45	543	0.272383
45	1302	0.0401531
45	152	0.0352261
45	4	0.0343582
45	1329	0.0294619
45	1295	0.0230363
45	372	0.020389
46	1064	0.414998
46	1020	0.168069
46	1508	0.0380369
46	15	0.0171403
46	522	0.00816264
46	1378	0.00603345
47	30	0.368809
47	920	0.277228
47	1209	0.0474038
47	494	0.0102035
47	1503	0.00846861
47	1217	0.00842809
48	1311	0.354689
48	1376	0.0881796
48	1415	0.0838204
48	696	0.0158817
48	1507	0.00377937
49	1451	0.066825
49	264	0.0327995
49	455	0.0231408
49	1463	0.0180208
49	1319	0.0164239
50	1241	0.132594
50	1431	0.0613881
50	1317	0.0441979
50	1508	0.0141345
50	488	0.011537
50	733	0.0106646
51	868	0.515846
51	1337	0.139588
51	1452	0.0165931
51	853	0.0154209
51	1348	0.00508026
52	1466	0.610493
52	1162	0.0463891
52	44	0.0331119
52	1253	0.0237673
52	1499	0.000623394
53	1042	0.0228343
53	1170	0.00939401
53	428	0.00851626
53	1510	0.00207738
54	569	0.553817
54	1405	0.0263233
55	1361	0.0540082
55	1271	0.0336801
55	1422	0.0225939
55	797	0.00894524
55	1500	0.00473486
55	1481	0.00422702
55	7	0.00193155
56	1335	0.0586935
56	14	0.0160319
56	566	0.0101824
56	579	0.00899172
56	614	0.00884236
56	1481	0.00864652
57	1305	0.0297882
57	1030	0.013876
57	1436	0.0118021
57	1472	0.0115488
57	1448	0.00735596
57	1508	0.00177512
57	1499	0.00135328
58	1238	0.0488904
58	1158	0.0488904
58	272	0.0318854
58	864	0.0180481
58	1446	0.014141
58	570	0.0091818
58	264	0.00654866
60	1478	0.0208009
61	74	0.00442834
61	191	0.00235629
62	1452	0.0352952
62	773	0.021779
62	917	0.0170411
62	1455	0.0154905
62	170	0.0144122
62	1490	0.0136962
62	762	0.0130463
62	1335	0.00818065
63	1365	0.0551703
63	1277	0.048799
63	601	0.0190262
63	927	0.012848
63	346	0.0120404
64	1443	0.0439763
65	1462	0.0593569
65	1265	0.0279892
65	33	0.0261559
65	1156	0.0216803
65	910	0.0209234
65	1431	0.0187038
65	706	0.0156198
66	1114	0.344846
66	1493	0.331222
66	1298	0.040748
66	1346	0.0154013
66	21	0.00676995
66	158	0.00386953
67	1441	0.0358535
67	243	0.00527227
67	370	0.00385375
67	173	0.00261083
67	1486	0.000917457
68	1139	0.0421774
69	295	0.0212369
69	123	0.0107099
69	580	0.00865467
69	1503	0.00672999
69	1041	0.00524917
70	718	0.165911
70	1365	0.0231659
70	92	0.0196723
70	1510	0.00123229
71	1023	0.295409
71	74	0.0257335
73	1509	0.0120134
73	17	0.00302065
74	1049	0.0709518
74	1154	0.0503208
74	1023	0.0307669
74	71	0.0257335
74	1458	0.0251604
74	1481	0.0180401
74	1492	0.0175195
74	980	0.00994993
75	203	0.195322
75	43	0.188
75	1503	0.163885
75	123	0.00508053
76	1346	0.0841067
77	242	0.480891
77	884	0.203689
77	1448	0.0260289
77	956	0.0133773
77	86	0.00966907
77	1499	0.00478732
78	673	0.0175263
78	1378	0.00660418
78	1020	0.00495381
78	1303	0.00329087
78	201	0.00242965
78	1508	0.00189303
79	1251	0.0142646
80	401	0.14444
80	1157	0.0386977
80	1328	0.0220979
80	90	0.0189714
80	707	0.0184424
80	1464	0.0166154
81	119	0.547316
81	1495	0.00595845
81	1488	0.00444068
82	1378	0.0312773
82	148	0.0166735
82	1460	0.0122884
82	988	0.00846255
83	778	0.0404967
83	1262	0.0393318
83	1251	0.0290485
83	1439	0.0233666
83	396	0.0217696
83	1398	0.0213111
83	1365	0.0192698
83	559	0.0179361
83	873	0.0175598
84	148	0.0348697
84	1208	0.0192897
84	577	0.0102266
84	488	0.00834996
84	50	0.00282764
85	503	0.312603
85	103	0.221533
85	1472	0.137268
85	1460	0.0573241
85	1499	0.0478257
85	1488	0.00809475
85	888	0.00764728
86	1448	0.0465995
86	884	0.019639
86	77	0.00966907
86	1499	0.00357206
87	317	0.025152
88	96	0.261274
88	1434	0.0668588
88	116	0.00189283
89	1346	0.0482612
89	277	0.0135394
90	80	0.0189714
90	922	0.00713171
90	1494	0.00451852
91	1304	0.0242264
91	1056	0.0107981
91	235	0.00307175
91	1488	0.00100513
92	1481	0.0258515
92	718	0.0220761
92	70	0.0196723
92	1365	0.0145659
92	331	0.0119559
92	1026	0.00394815
92	1049	0.00319273
93	536	0.0402763
93	1462	0.029051
93	33	0.0288157
93	65	0.0103487
94	893	0.0279541
94	1084	0.0164215
95	152	0.0240827
95	4	0.020551
95	1329	0.0150971
96	88	0.261274
96	1232	0.0930423
96	1434	0.0558421
96	1358	0.0402885
96	1328	0.0168015
97	1225	0.128475
98	362	0.0247342
98	531	0.0241448
99	116	0.0217561
100	865	0.265159
101	1446	0.0394713
102	1372	0.0182715
102	1074	0.00588853
103	85	0.221533
103	1499	0.111281
103	888	0.0177938
103	1488	0.00294411
105	1431	0.015728
105	191	0.0133682
105	1502	0.00386621
106	800	0.488946
106	475	0.0221914
106	1083	0.00464467
107	813	0.0201744
107	939	0.0197796
107	4	0.0173609
107	1022	0.00991214
107	659	0.00661923
107	942	0.00428587
108	1509	0.0330349
108	363	0.00530259
109	741	0.0243651
109	363	0.0174037
109	117	0.0167418
109	1371	0.011621
109	186	0.0103336
109	280	0.00771853
110	1461	0.274726
110	1245	0.0686436
110	1335	0.0204684
110	1318	0.0179265
110	170	0.00773061
111	118	0.0450555
111	1217	0.0225032
111	1503	0.00678762
112	803	0.0292936
113	2	0.404088
113	235	0.0123941
113	892	0.00892076
113	150	0.00572761
114	1303	0.0543786
114	1497	0.0018141
115	136	0.568598
115	1016	0.0180846
115	1139	0.0157976
115	1356	0.0115669
115	1504	0.00426152
116	1212	0.0555114
116	1483	0.0527371
116	1398	0.0490912
116	1442	0.0392525
116	1251	0.0334747
116	208	0.0279698
116	1464	0.0253797
117	1123	0.0339775
117	741	0.0335822
117	996	0.0250978
117	1509	0.021358
117	449	0.0188144
118	111	0.0450555
118	1217	0.0225032
118	1503	0.00678762
119	81	0.547316
119	1488	0.00269025
120	546	0.432529
120	193	0.0141222
120	979	0.00421821
120	1338	0.00202798
121	497	0.020523
121	1472	0.0154657
121	0	0.0106938
121	1497	0.00121285
122	201	0.0209054
122	1109	0.0175235
122	1497	0.0103897
122	502	0.00628663
122	847	0.00562057
123	1503	0.0273243
123	1217	0.0194216
123	295	0.0147771
123	41	0.0128995
123	858	0.0117564
123	580	0.0113002
123	43	0.0112244
123	69	0.0107099
124	1045	0.0525724
125	369	0.0292936
126	1336	0.542147
127	507	0.369469
127	413	0.0239784
127	980	0.0147184
127	257	0.00812325
127	170	0.00326178
127	62	0.00158918
128	1500	0.0300101
128	1481	0.0200935
128	1047	0.0123295
128	1079	0.0116417
129	1404	0.0164819
129	172	0.0145446
129	1426	0.0114578
129	0	0.0068595
129	320	0.00389695
129	1447	0.00184526
131	1266	0.0259618
131	1419	0.0210994
131	1020	0.0151483
131	1499	0.00441308
132	676	0.0343234
132	1452	0.0234721
132	1139	0.0227609
132	1375	0.0219423
132	1505	0.0059122
133	289	0.46042
133	547	0.404533
133	1478	0.00443384
134	811	0.0235492
134	392	0.0117817
134	1054	0.0110526
134	208	0.00172434
135	0	0.0277984
135	5	0.0202932
135	429	0.0110311
135	1373	0.00595928
135	1108	0.00344871
136	115	0.568598
136	1139	0.0158581
136	1460	0.00697213
136	1016	0.00605132
137	1500	0.012546
137	1508	0.00951328
137	1378	0.00663776
138	217	0.0128192
138	1444	0.00479532
139	1424	0.0269052
139	1483	0.0132871
139	1506	0.00935461
139	499	0.00757892
139	1398	0.00687173
139	1502	0.00666666
140	529	0.02869
140	217	0.00854611
141	481	0.0301058
141	659	0.0138251
141	813	0.00527117
142	1178	0.109252
142	208	0.0106203
143	37	0.477746
143	834	0.0128852
143	1464	0.00215844
144	1349	0.059268
145	754	0.0426215
145	804	0.0335821
145	1464	0.0110884
145	116	0.0080745
145	1497	0.00116541
146	1492	0.0434562
146	1051	0.0320279
146	1444	0.0133393
146	1086	0.00742592
146	1139	0.00564487
147	1444	0.00237623
148	1378	0.0368356
148	84	0.0348697
148	82	0.0166735
148	715	0.012323
148	978	0.0114
149	1153	0.067311
149	1186	0.035697
149	747	0.00809267
149	1335	0.00434551
149	56	0.00245931
150	390	0.444075
150	235	0.0185427
150	113	0.00572761
150	2	0.00562149
151	1275	0.0830228
151	587	0.0311376
151	1490	0.0115577
151	1044	0.00994774
152	1295	0.0665031
152	1308	0.0659252
152	4	0.0570596
152	45	0.0352261
152	1302	0.0278548
152	1329	0.0255318
153	30	0.0234235
153	1503	0.0057481
154	161	0.545991
154	180	0.170659
154	1483	0.0201431
154	1506	0.00681135
154	116	0.00470871
156	255	0.50686
156	1342	0.00264612
157	431	0.0299562
158	21	0.431058
158	290	0.0126107
158	587	0.00645226
158	978	0.00630537
158	66	0.00386953
159	1387	0.0348343
159	244	0.0109112
159	182	0.00930749
159	813	0.00883996
159	1491	0.00836215
159	387	0.00815933
160	34	0.013164
161	154	0.545991
161	1483	0.0181966
161	116	0.00531382
162	1503	0.123891
162	1456	0.00999493
162	337	0.00696625
162	305	0.00696625
162	735	0.00618778
162	772	0.00549145
163	1373	0.0127436
163	717	0.00713304
164	1327	0.0379287
165	1189	0.086358
165	1508	0.0205768
165	1419	0.0187574
165	710	0.0181452
165	18	0.0168329
165	30	0.00600474
165	1499	0.00196162
166	877	0.331679
166	987	0.0167312
167	1486	0.00724056
168	508	0.394163
168	537	0.241017
168	1021	0.240916
168	577	0.136156
168	1313	0.00662117
168	1500	0.00644896
168	716	0.00603877
169	930	0.0199457
169	942	0.0172874
169	1385	0.0144058
169	813	0.0101798
169	1471	0.00497865
170	1452	0.0535345
170	1202	0.0530894
170	690	0.0286724
170	1490	0.022086
170	711	0.0207967
171	4	0.0153952
171	1444	0.00814254
172	1426	0.291732
172	1447	0.11276
172	129	0.0145446
172	700	0.00691651
172	1472	0.00326477
172	1404	0.00113046
173	370	0.538117
173	67	0.00261083
173	1486	0.00229977
175	844	0.193425
175	1435	0.0586779
175	178	0.0336604
175	612	0.00922282
175	1012	0.00563723
175	1471	0.000867328
175	256	0.000706709
176	1031	0.313557
176	1139	0.0104717
177	448	0.32578
177	1425	0.0617294
177	1497	0.0470323
177	1303	0.00571969
178	189	0.291236
178	175	0.0336604
178	612	0.0309815
178	1360	0.0226648
178	411	0.0216071
178	375	0.0210647
178	1435	0.0125759
178	844	0.0103638
178	345	0.0103638
180	154	0.170659
180	234	0.0946018
180	190	0.0582053
180	1236	0.0559529
180	208	0.0460977
180	1262	0.0294897
180	1244	0.0255389
181	1417	0.0368046
181	721	0.0274076
181	14	0.0151402
181	1045	0.015043
181	374	0.0134723
182	438	0.266627
182	1491	0.0343577
182	1387	0.0286427
182	813	0.0266369
182	9	0.0185425
182	886	0.0126999
182	159	0.00930749
182	997	0.00818685
183	1363	0.0568228
183	1465	0.0129099
183	940	0.00591567
183	30	0.00113527
184	222	0.0171124
185	431	0.0131588
186	741	0.0345254
186	117	0.0142427
186	963	0.0109521
186	109	0.0103336
186	1452	0.0101583
187	501	0.540334
187	281	0.00724252
188	551	0.0272958
188	454	0.00628398
189	178	0.291236
190	1107	0.215805
190	180	0.0582053
190	5	0.0492308
190	1464	0.0347081
190	1410	0.0153426
190	83	0.00696373
190	401	0.00300307
190	478	0.00258337
191	581	0.171534
191	345	0.171534
191	1508	0.0766349
191	15	0.0617584
191	5	0.0394595
191	1502	0.0230997
191	105	0.0133682
192	538	0.439454
192	1200	0.0188933
192	190	0.00200829
192	1499	0.000332427
193	979	0.236408
193	1338	0.113657
193	120	0.0141222
193	546	0.00781199
194	509	0.0300201
195	1337	0.273736
195	1381	0.157645
195	1332	0.0173311
195	170	0.0112678
195	1452	0.010079
195	848	0.00287422
197	413	0.012151
197	123	0.00658264
197	1081	0.00579747
197	1503	0.00344706
198	1403	0.0383978
198	1448	0.0288272
198	1505	0.00563332
198	1499	0.00265167
199	1304	0.0392703
199	1193	0.0314163
200	471	0.326887
200	1499	0.00322275
201	122	0.0209054
201	1508	0.00910989
201	1109	0.0084053
201	1497	0.0069738
201	1419	0.00664508
201	1505	0.00442902
202	1503	0.00184696
203	75	0.195322
203	1503	0.153031
203	43	0.132706
203	8	0.130859
203	858	0.00535689
203	528	0.00527077
204	1500	0.0396871
204	1481	0.013289
204	360	0.00921302
205	1088	0.186948
205	83	0.00643977
206	1504	0.0215637
206	29	0.0202356
206	278	0.0082718
206	1499	0.00366519
206	988	0.00226903
207	1235	0.0321778
208	1088	0.192248
208	313	0.148239
208	796	0.120248
208	1464	0.107095
208	282	0.0798608
208	429	0.0635836
208	180	0.0460977
208	116	0.0279698
208	1442	0.0243022
209	1233	0.0529828
209	1481	0.0282119
209	1478	0.0135523
210	381	0.031699
211	264	0.00855181
212	1388	0.0670162
212	1354	0.0431297
212	737	0.0136366
212	4	0.0114957
212	328	0.00916949
212	1507	0.00615199
212	1139	0.00385809
212	481	0.00381821
212	1001	0.00254267
213	1446	0.0210474
213	1452	0.0140966
213	674	0.0125437
215	1230	0.0972678
216	1243	0.0195781
217	1464	0.0960853
217	138	0.0128192
217	1332	0.00916434
217	140	0.00854611
217	17	0.0065175
217	857	0.00597914
217	529	0.00507414
217	1056	0.00166742
218	1319	0.014623
219	909	0.00644638
219	324	0.0051798
220	261	0.0223386
220	770	0.0149211
221	1407	0.051125
221	0	0.00998107
221	656	0.0098611
221	722	0.00850551
221	5	0.00485565
222	184	0.0171124
223	1362	0.00630447
224	1086	0.550019
224	714	0.00518678
225	234	0.00609146
227	1452	0.00924936
227	1401	0.0044677
228	641	0.010093
228	1471	0.00719328
229	1314	0.0980773
231	565	0.0423302
231	657	0.0350582
231	534	0.0309102
231	583	0.0181165
231	759	0.0173912
231	793	0.0158247
231	355	0.0135298
231	639	0.0133616
232	481	0.0126643
233	1085	0.0247228
234	180	0.0946018
234	313	0.076054
234	1430	0.0429238
234	1497	0.041972
234	1494	0.0322856
234	354	0.0172119
234	1328	0.0138656
234	1506	0.0132122
234	1409	0.0121416
235	150	0.0185427
235	2	0.0129784
235	113	0.0123941
235	892	0.00963672
235	996	0.00819328
235	117	0.00703513
236	518	0.365645
236	1424	0.0496996
236	0	0.00521444
237	1488	0.00819253
237	2	0.00505498
238	234	0.010079
239	1342	0.011553
240	347	0.0112687
240	1335	0.00977811
240	14	0.00467295
240	56	0.00368923
240	181	0.00278723
242	77	0.480891
242	1499	0.00148831
243	67	0.00527227
244	12	0.23326
244	463	0.0113036
244	159	0.0109112
246	1125	0.0577582
247	1044	0.316793
247	1452	0.0165884
247	724	0.0156605
247	339	0.0156605
247	1490	0.00132148
248	1485	0.0267681
248	980	0.0257777
248	1499	0.00151385
249	928	0.370083
251	636	0.00849548
252	1419	0.0219588
252	1508	0.0180735
252	1020	0.00788265
252	1392	0.00470937
253	462	0.438311
253	466	0.024377
254	1128	0.0709832
255	156	0.50686
255	1342	0.00433754
256	1104	0.377391
256	430	0.0147175
256	813	0.0109987
256	276	0.00414448
256	1057	0.00345478
256	1435	0.0032665
257	170	0.0105289
257	127	0.00812325
257	62	0.00512982
258	1432	0.125431
260	1507	0.0102025
261	770	0.0552996
261	1213	0.0508708
261	1138	0.0415359
261	1128	0.0384547
261	1275	0.0325834
261	1294	0.0239807
261	220	0.0223386
261	1454	0.017711
261	1266	0.00992897
262	1460	0.265315
264	1451	0.0624842
264	49	0.0327995
264	875	0.0201776
264	1260	0.0128889
264	1105	0.0128045
264	211	0.00855181
264	455	0.00773115
264	1126	0.00734019
266	74	0.00940906
266	980	0.00792252
267	1469	0.0241568
267	1294	0.0155932
267	1337	0.00670096
267	1471	0.00633481
267	1403	0.00529721
267	678	0.0035401
268	636	0.424228
269	790	0.0300201
270	1501	0.0201944
271	867	0.0296373
271	1488	0.00274275
272	58	0.0318854
272	864	0.0120453
275	282	0.230924
275	740	0.0210912
275	428	0.011559
275	116	0.00735558
276	490	0.00792362
276	256	0.00414448
276	1360	0.00404846
277	704	0.0322362
277	89	0.0135394
277	1346	0.0133592
277	307	0.00802437
278	1504	0.0493274
278	206	0.0082718
278	29	0.00257262
278	1502	0.00231927
278	1499	0.000931577
279	1501	0.020136
280	1388	0.0567979
280	1371	0.0122998
280	449	0.00963187
280	363	0.00921008
280	109	0.00771853
280	117	0.00709225
280	1490	0.00644743
281	187	0.00724252
282	275	0.230924
282	208	0.0798608
282	116	0.0121515
282	740	0.00497975
282	428	0.00272915
284	1318	0.0289004
284	835	0.0122221
284	28	0.00404526
284	1335	0.00329983
285	479	0.371633
285	1231	0.0200212
285	1446	0.0144563
285	83	0.00962305
286	1260	0.0378381
286	1126	0.0215486
286	264	0.00585232
287	80	0.01604
287	866	0.0142783
287	1464	0.00667516
288	1139	0.0254801
289	133	0.46042
289	1478	0.00948589
289	1378	0.00390091
289	901	0.00379226
289	148	0.00207952
289	988	0.00105545
289	1460	0.00102174
290	158	0.0126107
291	1327	0.0453146
291	552	0.0290553
291	825	0.0280309
291	772	0.0267334
291	393	0.0113986
291	733	0.00531297
293	733	0.0180797
293	33	0.013486
293	123	0.00915112
293	1503	0.00239604
295	565	0.0221561
295	69	0.0212369
295	858	0.0155414
295	123	0.0147771
295	231	0.00840393
297	1217	0.0241726
297	552	0.0125363
297	8	0.00641664
298	1411	0.0658208
298	1488	0.00315331
300	1043	0.272699
300	1199	0.00822801
302	401	0.144391
302	1464	0.00934483
302	974	0.00536798
304	1039	0.00608042
305	735	0.0292646
305	1217	0.0136068
305	162	0.00696625
306	750	0.034639
307	277	0.00802437
308	728	0.433481
308	1466	0.0177348
308	1108	0.00309334
309	399	0.0435534
310	1452	0.0181808
310	533	0.0136648
310	743	0.00857813
310	490	0.00276906
311	503	0.149142
311	1477	0.0582042
311	1509	0.0179087
311	1395	0.0169707
311	688	0.0105254
311	792	0.00526271
311	1045	0.00466147
312	711	0.0213359
312	1490	0.0164837
312	587	0.00740143
312	1319	0.00728707
313	208	0.148239
313	234	0.076054
313	1506	0.0186528
313	1483	0.0110392
313	116	0.00967104
314	1424	0.0539799
315	976	0.0132478
315	231	0.00794684
315	1363	0.00426569
316	779	0.0164933
317	87	0.025152
318	1042	0.0207683
319	883	0.0156282
319	1499	0.000780002
320	324	0.0158055
320	1310	0.0110943
320	129	0.00389695
321	1446	0.0202084
321	835	0.00741937
322	1490	0.00502376
322	1111	0.00363394
324	1435	0.0475687
324	1015	0.0319326
324	1274	0.0301459
324	770	0.0289546
324	1366	0.0179093
324	1066	0.0159199
324	320	0.0158055
324	909	0.0135719
325	830	0.399875
325	729	0.322725
325	1500	0.0107471
325	481	0.00838096
325	544	0.00494676
326	371	0.0148838
326	1507	0.0101574
327	469	0.012175
327	1497	0.00471413
328	212	0.00916949
328	1354	0.00679525
329	1502	0.0160284
329	1068	0.011226
331	1481	0.0364241
331	1469	0.0259581
331	850	0.0174952
331	586	0.0154162
331	1406	0.0152431
331	1049	0.0143895
332	1483	0.015193
332	1506	0.0128358
332	313	0.00928277
332	116	0.00887341
333	381	0.0141974
336	781	0.0174817
337	123	0.00783759
337	162	0.00696625
337	1503	0.00615634
338	1123	0.0442964
338	1490	0.0164189
338	963	0.0138881
338	117	0.00602032
338	62	0.00561308
339	724	0.0334981
339	247	0.0156605
340	1454	0.0272518
340	594	0.0168267
342	1370	0.0975318
342	1349	0.0665248
342	872	0.023654
342	787	0.023654
342	1472	0.00356502
343	11	0.0195073
343	1478	0.011803
345	191	0.171534
345	178	0.0103638
346	1272	0.0712263
346	1365	0.0348958
346	1287	0.0241944
346	1408	0.0225266
346	63	0.0120404
346	490	0.00901532
347	1335	0.0128085
347	240	0.0112687
348	1446	0.0199508
349	589	0.0324293
349	47	0.00685904
349	1499	0.00262937
350	1502	0.00581716
352	659	0.0163473
352	1394	0.00117103
353	1439	0.0525956
353	1258	0.0300727
354	234	0.0172119
355	231	0.0135298
356	1488	0.00276704
357	11	0.0145685
358	1460	0.00646775
360	1481	0.0163804
360	204	0.00921302
360	1500	0.00917417
361	1180	0.0427102
361	1062	0.0100782
362	98	0.0247342
362	531	0.0160806
362	1473	0.0034907
363	1509	0.0208019
363	109	0.0174037
363	1452	0.0128313
363	280	0.00921008
363	1505	0.00807996
365	1056	0.0223907
366	975	0.00943657
366	1109	0.00646981
367	1419	0.00742577
367	1309	0.00688949
367	1508	0.0020373
367	1357	0.00118069
368	1266	0.0152157
368	1471	0.0149296
368	16	0.0126671
368	587	0.00749085
369	125	0.0292936
370	173	0.538117
370	67	0.00385375
370	1486	0.00339461
371	739	0.0340736
371	326	0.0148838
371	1507	0.00571516
372	45	0.020389
374	631	0.016409
374	1045	0.0149613
374	181	0.0134723
375	178	0.0210647
375	324	0.0132942
376	833	0.44518
376	567	0.0110373
377	1510	0.00879975
378	897	0.0643556
379	912	0.0166795
379	778	0.0153274
379	1045	0.0148877
379	83	0.00439
380	1487	0.0405507
380	1490	0.0166157
381	210	0.031699
381	1464	0.014449
381	333	0.0141974
382	1204	0.152007
384	22	0.0131533
384	1503	0.00665296
385	0	0.00769379
386	855	0.0101519
387	159	0.00815933
388	598	0.0300201
390	150	0.444075
390	235	0.00690452
391	65	0.0146958
392	811	0.0489861
392	1054	0.0229912
392	134	0.0117817
392	208	0.00358692
393	1327	0.04439
393	291	0.0113986
393	1105	0.00524885
393	1503	0.00206923
394	1349	0.0349069
394	514	0.0334981
395	0	0.0087678
395	5	0.00568721
396	778	0.0228023
396	83	0.0217696
396	873	0.0164737
396	1505	0.00275854
397	965	0.0247172
397	815	0.0168375
397	1376	0.00703554
397	1310	0.00464694
398	1303	0.0243952
399	309	0.0435534
400	3	0.0229544
400	1429	0.0085277
401	80	0.14444
401	302	0.144391
401	1464	0.0237295
401	478	0.0185386
401	459	0.0185386
401	654	0.00934413
402	1373	0.0214584
402	208	0.0182688
403	843	0.0171864
404	1471	0.0123507
405	1321	0.0718836
405	1032	0.0279568
406	568	0.0174817
408	15	0.404246
409	234	0.00441533
410	813	0.0126266
410	997	0.00711078
411	178	0.0216071
413	1259	0.0663196
413	980	0.0272855
413	1504	0.0269478
413	127	0.0239784
413	507	0.0158076
414	1435	0.0146246
414	813	0.0123107
414	178	0.00708274
414	182	0.00648424
415	1501	0.0253537
417	1342	0.0132242
418	883	0.025891
418	820	0.0177368
418	615	0.0117991
418	47	0.00337352
418	30	0.00263913
419	17	0.00742077
420	919	0.0160582
420	1507	0.0116267
421	1496	0.0113015
422	726	0.0318954
422	1407	0.0191479
422	490	0.0184569
422	0	0.0168219
423	1175	0.106341
423	988	0.0993423
423	1507	0.00626142
425	1045	0.0188603
425	572	0.00851728
426	666	0.0329462
426	116	0.0100759
426	1483	0.008626
426	1506	0.00728763
428	531	0.0154566
428	1042	0.0153052
428	740	0.0138852
428	275	0.011559
428	53	0.00851626
429	208	0.0635836
429	1373	0.0120665
429	135	0.0110311
429	0	0.0070386
429	83	0.00479957
429	116	0.00276545
430	256	0.0147175
430	813	0.0123107
430	1360	0.00479219
431	1197	0.0696539
431	157	0.0299562
431	1463	0.0230066
431	185	0.0131588
431	1379	0.0130813
431	625	0.00783966
432	1440	0.108932
432	1504	0.0225528
432	692	0.0167037
432	485	0.016144
432	1505	0.00542908
432	1493	0.0021194
433	1473	0.0140792
435	1199	0.0342751
436	1503	0.0481447
436	123	0.00660185
436	1497	0.00122499
437	1446	0.0202966
438	182	0.266627
440	1480	0.0450527
440	547	0.0407352
440	11	0.0230489
440	1507	0.0108961
442	1295	0.0189264
442	1329	0.0181542
442	4	0.0176519
442	152	0.00579188
442	45	0.00334171
443	1505	0.0167578
443	847	0.0142744
444	1483	0.0427791
444	116	0.00999396
445	1485	0.0156291
445	980	0.00903051
447	1499	0.0176728
447	1406	0.016324
447	1508	0.00662628
447	1020	0.00433502
448	177	0.32578
449	117	0.0188144
449	1388	0.012561
449	280	0.00963187
450	1434	0.0368358
451	30	0.00550599
453	781	0.0174817
454	1123	0.0309601
454	907	0.0244538
454	1452	0.0209984
454	551	0.0166543
454	1351	0.0117484
454	963	0.00970681
455	1463	0.0233489
455	49	0.0231408
455	1333	0.0139182
455	234	0.0101774
455	264	0.00773115
456	949	0.0300201
457	1446	0.0516772
457	1099	0.0203212
459	401	0.0185386
459	736	0.0158222
459	1464	0.0148522
461	490	0.0281377
462	253	0.438311
462	764	0.0218085
462	466	0.0108126
462	1483	0.00561507
463	12	0.0240142
463	244	0.0113036
464	1505	0.00558595
465	535	0.0337918
466	253	0.024377
466	462	0.0108126
468	1296	0.11786
468	11	0.0190272
468	1490	0.00556095
469	327	0.012175
469	1497	0.00149161
470	1387	0.0497559
470	1422	0.012627
471	200	0.326887
471	858	0.0118703
471	1499	0.00657658
471	123	0.00282383
471	203	0.00193005
472	697	0.0447066
474	1199	0.0348743
475	106	0.0221914
475	1083	0.00701116
476	552	0.0142312
476	1217	0.0137203
476	29	0.00726122
476	1503	0.00206923
477	0	0.0171677
477	5	0.0139197
478	401	0.0185386
478	1464	0.0167087
478	190	0.00258337
479	285	0.371633
479	1231	0.017851
481	1170	0.0671356
481	1271	0.054816
481	1507	0.0338748
481	1504	0.0327411
481	1365	0.0310105
481	141	0.0301058
482	5	0.00568721
482	191	0.00431693
483	27	0.023867
483	838	0.0181907
483	1503	0.00890731
484	1237	0.0663987
485	557	0.0167514
485	1505	0.0166192
485	432	0.016144
487	993	0.0346591
488	50	0.011537
488	1507	0.0115273
488	84	0.00834996
490	805	0.391421
490	1266	0.0349374
490	461	0.0281377
490	1406	0.0191909
490	540	0.0190754
490	726	0.0184569
490	422	0.0184569
490	1508	0.015574
492	1407	0.0395789
492	0	0.0086928
493	1341	0.00559649
494	47	0.0102035
494	1499	0.00391144
495	13	0.018435
496	17	0.292434
496	959	0.0173321
496	1414	0.00179953
497	0	0.029797
497	121	0.020523
497	1472	0.00369371
498	975	0.0185543
498	33	0.0174699
498	65	0.00313701
499	139	0.00757892
499	1464	0.00338143
501	187	0.540334
502	1409	0.045051
502	847	0.0204106
502	1505	0.0106496
502	994	0.00900673
502	234	0.0082036
503	85	0.312603
503	311	0.149142
503	2	0.0820009
503	1477	0.0191689
503	1509	0.00368914
504	1366	0.0451527
504	1372	0.00550397
505	3	0.0194211
505	18	0.0110525
506	975	0.00943657
506	43	0.00372352
507	127	0.369469
507	413	0.0158076
507	590	0.0121504
507	980	0.00323436
508	168	0.394163
508	1500	0.00542127
509	194	0.0300201
510	955	0.0327307
510	839	0.0239337
510	1082	0.0191192
510	1319	0.0144042
510	910	0.00766844
511	1510	0.00599443
513	1478	0.0120094
514	1349	0.0349069
514	394	0.0334981
515	706	0.0166793
515	595	0.0166793
515	65	0.00627402
515	1413	0.00531974
518	236	0.365645
518	1424	0.0114099
518	0	0.00279204
519	1475	0.041632
519	1510	0.00594226
520	697	0.0215429
520	0	0.0209441
520	990	0.0125003
521	1508	0.0333896
521	490	0.00915574
521	1468	0.00205378
522	15	0.017595
522	1508	0.0134086
522	46	0.00816264
522	159	0.0077284
523	1318	0.0275959
523	28	0.0193133
523	1335	0.0157544
524	1412	0.0311739
524	871	0.0163391
524	1506	0.0144567
524	975	0.00912558
525	1372	0.0110079
526	3	0.011744
527	1217	0.0139561
527	1485	0.00788195
528	1217	0.0401643
528	8	0.0213233
528	203	0.00527077
529	140	0.02869
529	217	0.00507414
530	1483	0.0128337
530	1506	0.0108425
531	98	0.0241448
531	362	0.0160806
531	428	0.0154566
531	1042	0.0124349
531	1510	0.00565551
533	1452	0.0205985
533	711	0.0203901
533	170	0.0165802
533	310	0.0136648
533	1032	0.0132526
533	1490	0.00787647
534	1307	0.0900182
534	231	0.0309102
534	639	0.0245089
535	1301	0.0907555
535	465	0.0337918
536	93	0.0402763
536	33	0.0282989
536	1462	0.017118
536	65	0.00914674
537	168	0.241017
537	481	0.0103403
538	192	0.439454
539	980	0.00903051
539	1049	0.00809207
540	1266	0.0311992
540	490	0.0190754
541	1465	0.0361491
542	1506	0.0173121
542	950	0.00978315
543	45	0.272383
543	152	0.00847493
543	4	0.00516579
544	882	0.0340736
544	830	0.0121526
544	481	0.00709418
544	325	0.00494676
545	1056	0.0386925
546	120	0.432529
546	677	0.0244022
546	193	0.00781199
546	979	0.00233339
546	1338	0.00112182
547	133	0.404533
547	1480	0.0536099
547	440	0.0407352
547	1185	0.0367004
547	11	0.0191902
547	1507	0.00648283
548	1443	0.0544288
548	1463	0.0248891
551	188	0.0272958
551	454	0.0166543
552	1156	0.0983539
552	1217	0.0582708
552	1462	0.0448948
552	291	0.0290553
552	772	0.0222339
552	1463	0.0209697
553	1504	0.00780041
553	1505	0.00563332
553	1488	0.0046895
557	485	0.0167514
557	1505	0.0112666
559	83	0.0179361
561	208	0.00491129
561	1464	0.00445649
562	778	0.0231842
563	1302	0.040281
563	1461	0.0153127
565	231	0.0423302
565	657	0.0308091
565	295	0.0221561
566	1335	0.0404817
566	14	0.0236453
566	1417	0.0130636
566	56	0.0101824
566	1490	0.00161405
567	376	0.0110373
568	406	0.0174817
568	1500	0.00925332
569	54	0.553817
569	1254	0.082397
569	1405	0.0385361
570	58	0.0091818
571	671	0.0334981
571	1490	0.0113066
572	1045	0.0188488
572	425	0.00851728
573	1452	0.00902314
573	1488	0.00315331
574	1126	0.0612121
575	1343	0.118124
575	751	0.0313947
575	679	0.0313947
576	1126	0.0303443
576	1016	0.0110342
576	116	0.0102461
577	168	0.136156
577	716	0.0140285
577	84	0.0102266
579	1481	0.0163804
579	850	0.00983478
579	56	0.00899172
580	1041	0.032308
580	123	0.0113002
580	69	0.00865467
580	295	0.00746918
580	1081	0.00663489
581	191	0.171534
581	1508	0.01001
582	806	0.0340687
582	590	0.0169623
583	231	0.0181165
583	976	0.0151005
586	331	0.0154162
587	1275	0.0461599
587	1294	0.0339727
587	151	0.0311376
587	1266	0.0281321
587	1490	0.0205552
588	1344	0.00291561
589	349	0.0324293
589	1499	0.00763646
589	29	0.00702956
589	47	0.00664021
590	806	0.0169623
590	582	0.0169623
590	507	0.0121504
590	413	0.00732485
591	1461	0.508582
592	35	0.0139997
592	1500	0.00917417
593	1510	0.00879975
594	1454	0.0561322
594	340	0.0168267
595	515	0.0166793
595	65	0.00937186
595	706	0.00830496
595	1413	0.0079464
597	1441	0.00564317
598	388	0.0300201
599	1498	0.00490653
601	1277	0.129963
601	63	0.0190262
602	1349	0.02663
602	727	0.00794107
603	1248	0.128348
603	1266	0.030681
603	11	0.00959162
604	1231	0.0359418
604	152	0.0171649
604	1108	0.00628354
605	801	0.0162787
605	1020	0.0131582
605	1499	0.0102221
605	47	0.00666642
606	16	0.0153252
608	25	0.014744
608	39	0.0129403
608	1422	0.012311
609	966	0.0172549
609	234	0.0065371
610	947	0.0346591
612	178	0.0309815
612	175	0.00922282
612	1471	0.00585456
612	1435	0.00355518
612	256	0.00238519
613	1287	0.102385
613	1471	0.00612253
614	1335	0.0468724
614	56	0.00884236
614	1452	0.00879735
615	820	0.479555
615	418	0.0117991
615	883	0.00943226
615	47	0.00491217
615	30	0.00384283
616	621	0.0346591
618	1347	0.0703654
618	1507	0.0116267
619	1284	0.105669
619	19	0.0112698
621	616	0.0346591
622	1456	0.0774462
622	1325	0.0751755
622	709	0.0348684
622	772	0.0182252
622	1499	0.00610216
625	1197	0.0750344
625	431	0.00783966
625	4	0.00714963
625	1486	0.00522495
628	1508	0.013913
628	1357	0.00403156
629	905	0.0171864
630	969	0.049227
630	234	0.00632343
631	968	0.0290356
631	374	0.016409
631	1452	0.00869064
631	1045	0.00732881
631	181	0.00659941
632	1319	0.044431
632	3	0.0130527
632	1429	0.00727375
634	1311	0.130106
634	324	0.00983497
634	4	0.00518104
635	729	0.017355
635	1504	0.0136867
636	268	0.424228
636	1297	0.0284199
636	1274	0.0232047
636	1140	0.0232047
636	251	0.00849548
636	1510	0.00362849
636	1342	0.00201875
637	1499	0.0053491
639	534	0.0245089
639	231	0.0133616
640	1403	0.0258194
640	1481	0.0165217
641	228	0.010093
641	1471	0.00617535
642	827	0.0614336
642	674	0.015529
642	1446	0.0130283
645	767	0.0241042
645	17	0.0143442
647	768	0.0339318
648	1481	0.0163804
648	19	0.0113653
650	743	0.0292978
650	1452	0.00887072
651	916	0.0346591
654	1398	0.0265491
654	1464	0.011229
654	401	0.00934413
654	80	0.00899424
655	772	0.0134359
656	1407	0.0266063
656	0	0.0233654
656	1011	0.020005
656	5	0.0189463
656	1231	0.0165808
656	1017	0.0100903
657	231	0.0350582
657	565	0.0308091
658	1282	0.130516
658	8	0.00734592
659	813	0.0241295
659	352	0.0163473
659	141	0.0138251
659	107	0.00661923
659	1394	0.00226673
660	16	0.010479
662	1243	0.0218305
664	898	0.0151413
666	426	0.0329462
666	116	0.0100759
666	1483	0.008626
666	1506	0.00728763
668	481	0.0286174
669	798	0.0340687
669	1357	0.00403156
670	860	0.0101519
671	571	0.0334981
671	1490	0.0113066
672	1467	0.358268
672	755	0.00585288
673	1378	0.0286748
673	1303	0.0285773
673	78	0.0175263
674	1446	0.0374325
674	827	0.0294334
674	642	0.015529
674	213	0.0125437
674	835	0.00687508
674	1452	0.0041806
675	1470	0.0276336
676	132	0.0343234
676	1452	0.0171754
676	1139	0.0138792
676	1375	0.00669001
677	546	0.0244022
678	1471	0.0122975
678	267	0.0035401
679	1343	0.118124
679	575	0.0313947
679	751	0.0313947
680	779	0.0329865
681	1509	0.0151389
683	13	0.304417
683	1372	0.00641124
688	1509	0.029006
688	311	0.0105254
690	1452	0.0299272
690	170	0.0286724
690	1422	0.0179566
691	1221	0.0624002
691	18	0.0290106
691	1508	0.0099778
692	432	0.0167037
693	1434	0.0709115
693	1455	0.0294794
693	1378	0.00594204
693	1452	0.00438067
693	62	0.00286329
695	744	0.0282827
695	1455	0.0144476
695	1381	0.0120563
695	62	0.00561308
695	1348	0.00262724
696	48	0.0158817
696	1243	0.011702
696	1507	0.0109379
696	1311	0.00921379
696	1001	0.00904145
697	472	0.0447066
697	520	0.0215429
697	1429	0.0194922
697	1000	0.0124261
697	0	0.0114071
697	1319	0.0066148
700	1457	0.0816262
700	1447	0.0153562
700	930	0.0153403
700	1108	0.00809052
700	172	0.00691651
700	1472	0.00353816
701	931	0.0289015
701	1506	0.021685
702	17	0.00742077
703	1187	0.0911316
703	1133	0.0911316
703	713	0.0145466
704	277	0.0322362
705	1509	0.014381
705	117	0.0124374
705	996	0.00965663
705	1488	0.00310004
706	515	0.0166793
706	65	0.0156198
706	595	0.00830496
706	1413	0.0026488
707	80	0.0184424
707	1001	0.00952864
709	1389	0.10054
709	1325	0.0604924
709	1456	0.0534128
709	622	0.0348684
709	772	0.0176005
710	18	0.0218432
710	165	0.0181452
710	1508	0.0100169
711	1145	0.0652883
711	1239	0.0619379
711	1452	0.0309921
711	1490	0.0246911
711	312	0.0213359
712	65	0.00945068
713	970	0.0190049
713	703	0.0145466
713	878	0.0086411
713	1493	0.00126787
714	224	0.00518678
715	1303	0.0575946
715	1378	0.0231164
715	148	0.012323
716	577	0.0140285
716	168	0.00603877
717	1310	0.018739
717	812	0.0153654
717	1126	0.014859
717	1226	0.0142932
717	163	0.00713304
718	70	0.165911
718	92	0.0220761
719	36	0.0181728
720	1342	0.0132242
721	181	0.0274076
722	1407	0.0516348
722	221	0.00850551
722	0	0.00756045
723	1488	0.00630661
724	339	0.0334981
724	247	0.0156605
725	1463	0.0371756
726	422	0.0318954
726	1407	0.0191479
726	490	0.0184569
726	0	0.0168219
727	1349	0.0813022
727	1389	0.0522416
727	709	0.0140063
727	602	0.00794107
727	1504	0.00721059
727	772	0.00610326
728	308	0.433481
728	791	0.0216954
728	1466	0.0078717
728	1108	0.00548773
729	325	0.322725
729	1504	0.0181174
729	635	0.017355
729	481	0.00830844
729	1446	0.00387793
729	954	0.00352723
730	766	0.0346591
731	1464	0.0115124
733	1327	0.041381
733	1439	0.041381
733	293	0.0180797
733	33	0.0162857
733	50	0.0106646
733	22	0.0104847
735	305	0.0292646
735	1217	0.0120863
735	162	0.00618778
736	208	0.0162328
736	459	0.0158222
736	401	0.0091964
736	1464	0.00736766
737	212	0.0136366
737	1354	0.0101057
738	752	0.0340687
738	1446	0.0133571
739	371	0.0340736
740	275	0.0210912
740	428	0.0138852
740	116	0.00883586
740	282	0.00497975
741	186	0.0345254
741	117	0.0335822
741	109	0.0243651
741	963	0.00860776
741	1452	0.00798391
742	1208	0.039021
742	1497	0.00439924
743	650	0.0292978
743	1452	0.0129307
743	310	0.00857813
743	533	0.00453545
743	711	0.00426663
743	1499	0.000766561
744	695	0.0282827
744	1455	0.0173539
744	1052	0.0112763
744	62	0.00674224
744	1452	0.00257882
745	1139	0.0286731
747	1186	0.113352
747	1235	0.0403928
747	149	0.00809267
748	1056	0.0225838
749	1125	0.0658208
749	1446	0.0134723
750	306	0.034639
751	1343	0.118124
751	575	0.0313947
751	679	0.0313947
752	738	0.0340687
752	1446	0.0133571
753	989	0.335553
753	1329	0.0131097
753	45	0.00965264
753	4	0.00509879
754	145	0.0426215
754	804	0.0152213
754	116	0.00975952
754	1464	0.00731042
755	1467	0.0141961
755	672	0.00585288
757	1410	0.0298371
757	854	0.0290092
757	994	0.0261399
757	1409	0.0217916
757	1505	0.0128783
758	1504	0.0314708
759	231	0.0173912
759	1363	0.0163294
759	793	0.0142838
759	1465	0.00984546
759	83	0.00426769
760	1503	0.00626033
761	1260	0.0542143
762	1487	0.111723
762	1234	0.0638001
762	1490	0.0305217
762	62	0.0130463
762	1452	0.00399204
763	960	0.0142078
763	933	0.00975485
763	1023	0.00457667
763	1499	0.00391144
763	1508	0.00342047
764	462	0.0218085
764	1483	0.0087717
765	1217	0.0274407
765	8	0.0145683
766	730	0.0346591
767	17	0.297547
767	645	0.0241042
768	647	0.0339318
768	1001	0.00470459
768	1495	0.00465525
768	1505	0.00278135
768	1498	0.00238089
770	1290	0.0640721
770	1138	0.0554881
770	261	0.0552996
770	1435	0.0442287
770	324	0.0289546
771	1373	0.0151629
772	1456	0.0837834
772	1325	0.0738203
772	1169	0.0505879
772	291	0.0267334
772	552	0.0222339
773	62	0.021779
773	1452	0.0166603
773	711	0.00687156
773	1499	0.00123457
774	1463	0.0502076
776	940	0.0140988
776	3	0.0133278
777	17	0.0147124
778	83	0.0404967
778	912	0.0307826
778	562	0.0231842
778	396	0.0228023
778	879	0.0156557
779	1261	0.0792398
779	680	0.0329865
779	316	0.0164933
780	5	0.00573714
781	453	0.0174817
781	336	0.0174817
782	1016	0.0112271
783	838	0.0283006
783	1503	0.00410423
785	1313	0.0190837
785	944	0.0171832
786	1335	0.0160251
786	1460	0.00641147
787	872	0.0408464
787	1349	0.0258574
787	342	0.023654
788	1101	0.0260457
788	1325	0.0129636
788	1020	0.00866983
788	1499	0.00631435
790	269	0.0300201
791	728	0.0216954
791	1108	0.00431209
792	311	0.00526271
792	1495	0.00471435
793	231	0.0158247
793	759	0.0142838
793	1363	0.00424717
794	1056	0.0167219
795	1510	0.00599443
796	208	0.120248
796	1446	0.0102268
796	116	0.00522995
797	55	0.00894524
798	669	0.0340687
798	1357	0.00403156
799	1446	0.0461636
799	1099	0.00691635
800	106	0.488946
800	1337	0.00476513
800	170	0.00353026
800	1452	0.00263149
801	605	0.0162787
801	1020	0.00902556
801	1499	0.00525875
803	112	0.0292936
804	145	0.0335821
804	754	0.0152213
804	974	0.0139587
804	1398	0.0127673
804	1464	0.0126
805	490	0.391421
806	582	0.0340687
806	590	0.0169623
809	1500	0.0275225
811	392	0.0489861
811	1054	0.0459548
811	134	0.0235492
811	208	0.00896189
811	1506	0.00314083
812	935	0.0231428
812	717	0.0153654
812	1126	0.013974
812	1226	0.0134418
812	1493	0.0121465
812	1310	0.00881142
813	1469	0.0643429
813	11	0.03584
813	942	0.0273291
813	182	0.0266369
813	659	0.0241295
813	107	0.0201744
813	939	0.018026
815	397	0.0168375
817	895	0.0169056
818	904	0.0143584
820	615	0.479555
820	418	0.0177368
820	883	0.0141789
820	47	0.00246138
820	30	0.00192555
821	852	0.0340687
821	1503	0.00208678
822	1488	0.00466966
823	1243	0.0250963
824	1328	0.0408216
824	0	0.0086928
824	5	0.00281928
825	291	0.0280309
825	772	0.01932
825	1503	0.00203542
825	1497	0.00144245
826	842	0.0167037
827	642	0.0614336
827	674	0.0294334
827	1446	0.0246936
828	1506	0.00647325
828	1464	0.00335201
828	1497	0.00258354
830	325	0.399875
830	544	0.0121526
830	481	0.0102947
831	1454	0.027826
831	1510	0.0117829
831	261	0.00542108
832	1174	0.0480687
832	1481	0.0165217
833	376	0.44518
834	143	0.0128852
835	891	0.0339755
835	1318	0.0240355
835	1045	0.0227942
835	1231	0.0213022
835	284	0.0122221
835	1446	0.0115359
